pot                 [ 3            , 3            , 0            ]
N                   [ 130          , 130          , 0            ]
Na                  [ 300          , 300          , 0            ]
Nb                  [ 80           , 80           , 0            ]
Nc                  [ 2            , 2            , 0            ]
LoR                 [ 5.0          , 5.0          , 0            ]
DE                  [ 0.0          , 0.0          , 0            ]
Tb                  [ 0.79         , 0.79         , 0            ]
Theta               [ 0.00         , 0.00         , 0            ]
Reg                 [ 0.00         , 0.00         , 0            ]
