                -0.138371
                -0.138371
                -0.138301
                -0.138186
                -0.138024
                -0.137816
                -0.137563
                -0.137265
                -0.136922
                -0.136534
                -0.136103
                -0.135628
                -0.135111
                -0.134551
                -0.133951
                 -0.13331
                -0.132629
                 -0.13191
                -0.131153
                -0.130359
                -0.129528
                -0.128663
                -0.127765
                -0.126833
                -0.125869
                -0.124876
                -0.123852
                -0.122801
                -0.121722
                -0.120618
                -0.119489
                -0.118336
                -0.117162
                -0.115966
                -0.114751
                -0.113517
                -0.112266
                -0.110999
                -0.109717
                -0.108422
                -0.107114
                -0.105795
                -0.104465
                -0.103127
                -0.101781
                -0.100428
               -0.0990691
               -0.0977059
                -0.096339
               -0.0949696
               -0.0935986
                -0.092227
               -0.0908556
               -0.0894854
               -0.0881173
               -0.0867521
               -0.0853906
               -0.0840336
               -0.0826819
               -0.0813361
                -0.079997
               -0.0786652
               -0.0773413
               -0.0760261
               -0.0747199
               -0.0734235
               -0.0721372
               -0.0708617
               -0.0695972
               -0.0683443
               -0.0671035
               -0.0658749
               -0.0646591
               -0.0634563
               -0.0622668
               -0.0610909
               -0.0599289
               -0.0587809
               -0.0576473
               -0.0565281
               -0.0554236
               -0.0543339
                -0.053259
               -0.0521992
               -0.0511545
                -0.050125
               -0.0491108
               -0.0481118
               -0.0471281
               -0.0461597
               -0.0452066
               -0.0442688
               -0.0433463
                -0.042439
               -0.0415468
               -0.0406697
               -0.0398077
               -0.0389605
               -0.0381283
               -0.0373107
               -0.0365078
               -0.0357195
               -0.0349455
               -0.0341857
               -0.0334401
               -0.0327085
               -0.0319907
               -0.0312867
               -0.0305961
               -0.0299189
               -0.0292549
                -0.028604
                -0.027966
               -0.0273406
               -0.0267278
               -0.0261273
               -0.0255391
               -0.0249628
               -0.0243983
               -0.0238455
               -0.0233042
               -0.0227741
               -0.0222552
               -0.0217471
               -0.0212498
               -0.0207631
               -0.0202867
               -0.0198206
               -0.0193645
               -0.0189182
               -0.0184816
               -0.0180544
               -0.0176366
                -0.017228
               -0.0168283
               -0.0164375
               -0.0160552
               -0.0156815
               -0.0153161
               -0.0149588
               -0.0146095
                -0.014268
               -0.0139343
                -0.013608
               -0.0132891
               -0.0129775
               -0.0126729
               -0.0123752
               -0.0120843
               -0.0118001
               -0.0115224
                -0.011251
               -0.0109858
               -0.0107268
               -0.0104737
               -0.0102265
              -0.00998502
               -0.0097491
              -0.00951866
              -0.00929357
              -0.00907371
              -0.00885897
              -0.00864924
               -0.0084444
              -0.00824435
              -0.00804898
              -0.00785819
              -0.00767187
              -0.00748993
              -0.00731226
              -0.00713877
              -0.00696936
              -0.00680395
              -0.00664243
              -0.00648473
              -0.00633075
              -0.00618041
              -0.00603362
              -0.00589031
              -0.00575039
              -0.00561379
              -0.00548043
              -0.00535023
              -0.00522312
              -0.00509903
              -0.00497789
              -0.00485963
              -0.00474417
              -0.00463147
              -0.00452145
              -0.00441405
               -0.0043092
              -0.00420686
              -0.00410695
              -0.00400942
              -0.00391422
              -0.00382129
              -0.00373058
              -0.00364203
              -0.00355559
              -0.00347122
              -0.00338886
              -0.00330846
              -0.00322999
              -0.00315339
              -0.00307862
              -0.00300564
               -0.0029344
              -0.00286486
              -0.00279698
              -0.00273073
              -0.00266605
              -0.00260293
              -0.00254131
              -0.00248116
              -0.00242245
              -0.00236514
               -0.0023092
               -0.0022546
               -0.0022013
              -0.00214927
              -0.00209849
              -0.00204892
              -0.00200053
               -0.0019533
              -0.00190719
              -0.00186219
              -0.00181826
              -0.00177538
              -0.00173352
              -0.00169266
              -0.00165277
              -0.00161384
              -0.00157583
              -0.00153873
              -0.00150251
              -0.00146716
              -0.00143264
              -0.00139895
              -0.00136607
              -0.00133396
              -0.00130262
              -0.00127203
              -0.00124216
                -0.001213
              -0.00118454
              -0.00115675
              -0.00112963
              -0.00110315
              -0.00107729
              -0.00105205
              -0.00102741
              -0.00100336
             -0.000979875
             -0.000956948
             -0.000934565
             -0.000912712
             -0.000891378
             -0.000870549
             -0.000850213
             -0.000830359
             -0.000810975
             -0.000792049
             -0.000773572
             -0.000755531
             -0.000737917
              -0.00072072
             -0.000703928
             -0.000687534
             -0.000671526
             -0.000655897
             -0.000640636
             -0.000625735
             -0.000611186
              -0.00059698
             -0.000583108
             -0.000569564
             -0.000556338
             -0.000543424
             -0.000530814
               -0.0005185
             -0.000506477
             -0.000494736
             -0.000483271
             -0.000472075
             -0.000461142
             -0.000450466
             -0.000440041
             -0.000429861
             -0.000419919
              -0.00041021
             -0.000400729
              -0.00039147
             -0.000382428
             -0.000373598
             -0.000364975
             -0.000356553
             -0.000348328
             -0.000340296
             -0.000332452
              -0.00032479
             -0.000317308
             -0.000310001
             -0.000302864
             -0.000295894
             -0.000289086
             -0.000282437
             -0.000275943
             -0.000269601
             -0.000263406
             -0.000257356
             -0.000251446
             -0.000245674
             -0.000240036
              -0.00023453
             -0.000229151
             -0.000223898
             -0.000218766
             -0.000213754
             -0.000208858
             -0.000204076
             -0.000199404
             -0.000194841
             -0.000190384
              -0.00018603
             -0.000181777
             -0.000177623
             -0.000173565
               -0.0001696
             -0.000165728
             -0.000161945
             -0.000158249
             -0.000154639
             -0.000151112
             -0.000147667
             -0.000144302
             -0.000141014
             -0.000137802
             -0.000134664
             -0.000131598
             -0.000128603
             -0.000125677
             -0.000122819
             -0.000120026
             -0.000117298
             -0.000114632
             -0.000112028
             -0.000109484
             -0.000106998
             -0.000104569
             -0.000102197
             -9.98782e-05
             -9.76132e-05
             -9.54001e-05
             -9.32378e-05
             -9.11251e-05
             -8.90609e-05
              -8.7044e-05
             -8.50733e-05
             -8.31478e-05
             -8.12664e-05
             -7.94281e-05
             -7.76318e-05
             -7.58767e-05
             -7.41617e-05
              -7.2486e-05
             -7.08486e-05
             -6.92485e-05
             -6.76851e-05
             -6.61574e-05
             -6.46645e-05
             -6.32057e-05
             -6.17803e-05
             -6.03873e-05
             -5.90261e-05
              -5.7696e-05
             -5.63961e-05
             -5.51259e-05
             -5.38847e-05
             -5.26717e-05
             -5.14863e-05
             -5.03279e-05
             -4.91958e-05
             -4.80895e-05
             -4.70084e-05
             -4.59518e-05
             -4.49193e-05
             -4.39102e-05
              -4.2924e-05
             -4.19602e-05
             -4.10183e-05
             -4.00978e-05
             -3.91981e-05
             -3.83189e-05
             -3.74596e-05
             -3.66198e-05
              -3.5799e-05
             -3.49968e-05
             -3.42128e-05
             -3.34465e-05
             -3.26976e-05
             -3.19656e-05
             -3.12502e-05
             -3.05509e-05
             -2.98675e-05
             -2.91995e-05
             -2.85467e-05
             -2.79085e-05
             -2.72848e-05
             -2.66752e-05
             -2.60793e-05
             -2.54969e-05
             -2.49276e-05
             -2.43711e-05
             -2.38272e-05
             -2.32956e-05
             -2.27759e-05
              -2.2268e-05
             -2.17715e-05
             -2.12862e-05
             -2.08118e-05
             -2.03481e-05
             -1.98948e-05
             -1.94517e-05
             -1.90186e-05
             -1.85952e-05
             -1.81813e-05
             -1.77768e-05
             -1.73813e-05
             -1.69947e-05
             -1.66168e-05
             -1.62474e-05
             -1.58863e-05
             -1.55332e-05
             -1.51881e-05
             -1.48508e-05
             -1.45209e-05
             -1.41985e-05
             -1.38834e-05
             -1.35752e-05
              -1.3274e-05
             -1.29795e-05
             -1.26917e-05
             -1.24102e-05
             -1.21351e-05
             -1.18661e-05
             -1.16031e-05
             -1.13461e-05
             -1.10947e-05
              -1.0849e-05
             -1.06088e-05
             -1.03739e-05
             -1.01443e-05
             -9.91983e-06
             -9.70036e-06
             -9.48578e-06
               -9.276e-06
             -9.07089e-06
             -8.87036e-06
              -8.6743e-06
             -8.48262e-06
              -8.2952e-06
             -8.11197e-06
             -7.93281e-06
             -7.75765e-06
             -7.58638e-06
             -7.41894e-06
             -7.25521e-06
             -7.09514e-06
             -6.93862e-06
             -6.78559e-06
             -6.63596e-06
             -6.48965e-06
              -6.3466e-06
             -6.20673e-06
             -6.06997e-06
             -5.93625e-06
             -5.80549e-06
             -5.67764e-06
             -5.55263e-06
              -5.4304e-06
             -5.31087e-06
               -5.194e-06
             -5.07972e-06
             -4.96798e-06
             -4.85871e-06
             -4.75187e-06
              -4.6474e-06
             -4.54524e-06
             -4.44534e-06
             -4.34766e-06
             -4.25214e-06
             -4.15873e-06
              -4.0674e-06
             -3.97808e-06
             -3.89074e-06
             -3.80534e-06
             -3.72182e-06
             -3.64015e-06
             -3.56029e-06
             -3.48219e-06
             -3.40582e-06
             -3.33114e-06
              -3.2581e-06
             -3.18668e-06
             -3.11684e-06
             -3.04854e-06
             -2.98174e-06
             -2.91643e-06
             -2.85255e-06
             -2.79008e-06
             -2.72899e-06
             -2.66925e-06
             -2.61083e-06
             -2.55369e-06
             -2.49781e-06
             -2.44317e-06
             -2.38973e-06
             -2.33746e-06
             -2.28635e-06
             -2.23637e-06
             -2.18748e-06
             -2.13967e-06
             -2.09291e-06
             -2.04718e-06
             -2.00246e-06
             -1.95872e-06
             -1.91595e-06
             -1.87411e-06
              -1.8332e-06
             -1.79318e-06
             -1.75404e-06
             -1.71577e-06
             -1.67833e-06
             -1.64172e-06
             -1.60591e-06
             -1.57089e-06
             -1.53664e-06
             -1.50313e-06
             -1.47037e-06
             -1.43832e-06
             -1.40698e-06
             -1.37632e-06
             -1.34634e-06
             -1.31701e-06
             -1.28833e-06
             -1.26027e-06
             -1.23283e-06
               -1.206e-06
             -1.17975e-06
             -1.15407e-06
             -1.12896e-06
              -1.1044e-06
             -1.08037e-06
             -1.05687e-06
             -1.03389e-06
             -1.01141e-06
              -9.8942e-07
             -9.67912e-07
             -9.46874e-07
             -9.26297e-07
              -9.0617e-07
             -8.86482e-07
             -8.67226e-07
              -8.4839e-07
             -8.29966e-07
             -8.11944e-07
             -7.94316e-07
             -7.77073e-07
             -7.60207e-07
             -7.43709e-07
             -7.27572e-07
             -7.11787e-07
             -6.96346e-07
             -6.81242e-07
             -6.66468e-07
             -6.52016e-07
              -6.3788e-07
             -6.24052e-07
             -6.10525e-07
             -5.97293e-07
              -5.8435e-07
             -5.71689e-07
             -5.59304e-07
             -5.47189e-07
             -5.35338e-07
             -5.23744e-07
             -5.12404e-07
              -5.0131e-07
             -4.90458e-07
             -4.79843e-07
             -4.69458e-07
               -4.593e-07
             -4.49362e-07
             -4.39641e-07
             -4.30131e-07
             -4.20828e-07
             -4.11728e-07
             -4.02825e-07
             -3.94116e-07
             -3.85597e-07
             -3.77262e-07
             -3.69109e-07
             -3.61133e-07
              -3.5333e-07
             -3.45697e-07
             -3.38229e-07
             -3.30924e-07
             -3.23777e-07
             -3.16786e-07
             -3.09946e-07
             -3.03255e-07
             -2.96709e-07
             -2.90305e-07
             -2.84041e-07
             -2.77912e-07
             -2.71916e-07
              -2.6605e-07
             -2.60311e-07
             -2.54697e-07
             -2.49204e-07
             -2.43831e-07
             -2.38574e-07
             -2.33431e-07
             -2.28399e-07
             -2.23476e-07
              -2.1866e-07
             -2.13949e-07
             -2.09339e-07
              -2.0483e-07
             -2.00418e-07
             -1.96101e-07
             -1.91878e-07
             -1.87746e-07
             -1.83704e-07
             -1.79749e-07
              -1.7588e-07
             -1.72094e-07
             -1.68391e-07
             -1.64767e-07
             -1.61222e-07
             -1.57754e-07
              -1.5436e-07
              -1.5104e-07
             -1.47792e-07
             -1.44613e-07
             -1.41504e-07
             -1.38462e-07
             -1.35485e-07
             -1.32573e-07
             -1.29723e-07
             -1.26936e-07
             -1.24208e-07
             -1.21539e-07
             -1.18928e-07
             -1.16373e-07
             -1.13874e-07
             -1.11428e-07
             -1.09035e-07
             -1.06694e-07
             -1.04403e-07
             -1.02162e-07
             -9.99691e-08
             -9.78234e-08
              -9.5724e-08
             -9.36698e-08
               -9.166e-08
             -8.96935e-08
             -8.77693e-08
             -8.58867e-08
             -8.40446e-08
             -8.22421e-08
             -8.04786e-08
              -7.8753e-08
             -7.70646e-08
             -7.54125e-08
              -7.3796e-08
             -7.22144e-08
             -7.06667e-08
             -6.91524e-08
             -6.76707e-08
             -6.62209e-08
             -6.48023e-08
             -6.34142e-08
              -6.2056e-08
              -6.0727e-08
             -5.94266e-08
             -5.81542e-08
             -5.69091e-08
             -5.56908e-08
             -5.44987e-08
             -5.33322e-08
             -5.21908e-08
             -5.10739e-08
             -4.99811e-08
             -4.89117e-08
             -4.78653e-08
             -4.68414e-08
             -4.58395e-08
             -4.48591e-08
             -4.38997e-08
              -4.2961e-08
             -4.20424e-08
             -4.11436e-08
              -4.0264e-08
             -3.94034e-08
             -3.85612e-08
              -3.7737e-08
             -3.69306e-08
             -3.61415e-08
             -3.53693e-08
             -3.46137e-08
             -3.38743e-08
             -3.31507e-08
             -3.24427e-08
             -3.17498e-08
             -3.10718e-08
             -3.04084e-08
             -2.97591e-08
             -2.91238e-08
             -2.85021e-08
             -2.78938e-08
             -2.72984e-08
             -2.67159e-08
             -2.61458e-08
             -2.55879e-08
              -2.5042e-08
             -2.45078e-08
              -2.3985e-08
             -2.34734e-08
             -2.29728e-08
             -2.24828e-08
             -2.20034e-08
             -2.15343e-08
             -2.10751e-08
             -2.06258e-08
             -2.01862e-08
             -1.97559e-08
             -1.93349e-08
             -1.89228e-08
             -1.85196e-08
              -1.8125e-08
             -1.77388e-08
             -1.73609e-08
             -1.69911e-08
             -1.66292e-08
              -1.6275e-08
             -1.59284e-08
             -1.55892e-08
             -1.52573e-08
             -1.49324e-08
             -1.46145e-08
             -1.43034e-08
              -1.3999e-08
              -1.3701e-08
             -1.34094e-08
             -1.31241e-08
             -1.28448e-08
             -1.25715e-08
             -1.23041e-08
             -1.20423e-08
             -1.17862e-08
             -1.15355e-08
             -1.12901e-08
               -1.105e-08
             -1.08151e-08
             -1.05851e-08
             -1.03601e-08
             -1.01398e-08
              -9.9243e-09
             -9.71336e-09
             -9.50692e-09
             -9.30488e-09
             -9.10716e-09
             -8.91365e-09
             -8.72427e-09
             -8.53893e-09
             -8.35754e-09
             -8.18003e-09
             -8.00629e-09
             -7.83626e-09
             -7.66986e-09
             -7.50701e-09
             -7.34762e-09
             -7.19164e-09
             -7.03898e-09
             -6.88957e-09
             -6.74335e-09
             -6.60024e-09
             -6.46018e-09
             -6.32311e-09
             -6.18896e-09
             -6.05766e-09
             -5.92917e-09
             -5.80341e-09
             -5.68033e-09
             -5.55987e-09
             -5.44197e-09
             -5.32659e-09
             -5.21367e-09
             -5.10315e-09
             -4.99498e-09
             -4.88911e-09
              -4.7855e-09
              -4.6841e-09
             -4.58485e-09
             -4.48772e-09
             -4.39266e-09
             -4.29961e-09
             -4.20855e-09
             -4.11943e-09
              -4.0322e-09
             -3.94683e-09
             -3.86328e-09
             -3.78151e-09
             -3.70147e-09
             -3.62314e-09
             -3.54647e-09
             -3.47144e-09
               -3.398e-09
             -3.32613e-09
             -3.25578e-09
             -3.18693e-09
             -3.11954e-09
             -3.05359e-09
             -2.98904e-09
             -2.92587e-09
             -2.86404e-09
             -2.80352e-09
             -2.74429e-09
             -2.68633e-09
             -2.62959e-09
             -2.57406e-09
             -2.51971e-09
             -2.46652e-09
             -2.41446e-09
             -2.36351e-09
             -2.31364e-09
             -2.26484e-09
             -2.21707e-09
             -2.17031e-09
             -2.12456e-09
             -2.07977e-09
             -2.03594e-09
             -1.99304e-09
             -1.95106e-09
             -1.90996e-09
             -1.86975e-09
             -1.83039e-09
             -1.79186e-09
             -1.75416e-09
             -1.71726e-09
             -1.68114e-09
              -1.6458e-09
             -1.61121e-09
             -1.57735e-09
             -1.54421e-09
             -1.51179e-09
             -1.48005e-09
             -1.44899e-09
             -1.41859e-09
             -1.38884e-09
             -1.35972e-09
             -1.33123e-09
             -1.30334e-09
             -1.27605e-09
             -1.24934e-09
              -1.2232e-09
             -1.19762e-09
             -1.17258e-09
             -1.14808e-09
             -1.12411e-09
             -1.10064e-09
             -1.07768e-09
             -1.05521e-09
             -1.03322e-09
              -1.0117e-09
             -9.90645e-10
             -9.70039e-10
             -9.49875e-10
             -9.30143e-10
             -9.10835e-10
             -8.91941e-10
             -8.73453e-10
             -8.55363e-10
             -8.37662e-10
             -8.20342e-10
             -8.03395e-10
             -7.86813e-10
             -7.70589e-10
             -7.54715e-10
             -7.39184e-10
             -7.23988e-10
             -7.09122e-10
             -6.94577e-10
             -6.80348e-10
             -6.66428e-10
              -6.5281e-10
             -6.39488e-10
             -6.26456e-10
             -6.13708e-10
             -6.01238e-10
             -5.89041e-10
              -5.7711e-10
             -5.65441e-10
             -5.54028e-10
             -5.42866e-10
             -5.31949e-10
             -5.21273e-10
             -5.10833e-10
             -5.00623e-10
              -4.9064e-10
             -4.80879e-10
             -4.71334e-10
             -4.62003e-10
              -4.5288e-10
             -4.43961e-10
             -4.35243e-10
              -4.2672e-10
              -4.1839e-10
             -4.10249e-10
             -4.02292e-10
             -3.94516e-10
             -3.86918e-10
             -3.79494e-10
              -3.7224e-10
             -3.65154e-10
             -3.58231e-10
             -3.51469e-10
             -3.44865e-10
             -3.38416e-10
             -3.32118e-10
             -3.25969e-10
             -3.19966e-10
             -3.14106e-10
             -3.08386e-10
             -3.02804e-10
             -2.97358e-10
             -2.92044e-10
              -2.8686e-10
             -2.81804e-10
             -2.76874e-10
             -2.72066e-10
              -2.6738e-10
             -2.62813e-10
             -2.58362e-10
             -2.54026e-10
             -2.49802e-10
              -2.4569e-10
             -2.41685e-10
             -2.37788e-10
             -2.33996e-10
             -2.30307e-10
             -2.26719e-10
             -2.23231e-10
             -2.19842e-10
             -2.16549e-10
             -2.13351e-10
             -2.10246e-10
             -2.07234e-10
             -2.04313e-10
              -2.0148e-10
             -1.98736e-10
             -1.96078e-10
             -1.93506e-10
             -1.91017e-10
             -1.88612e-10
             -1.86288e-10
             -1.84045e-10
             -1.81882e-10
             -1.79797e-10
              -1.7779e-10
             -1.75859e-10
             -1.74004e-10
             -1.72223e-10
             -1.70516e-10
             -1.68882e-10
             -1.67321e-10
              -1.6583e-10
              -1.6441e-10
              -1.6306e-10
             -1.61779e-10
             -1.60567e-10
             -1.59422e-10
             -1.58345e-10
             -1.57335e-10
              -1.5639e-10
             -1.55511e-10
             -1.54697e-10
             -1.53948e-10
             -1.53263e-10
             -1.52642e-10
             -1.52084e-10
             -1.51589e-10
             -1.51157e-10
             -1.50788e-10
              -1.5048e-10
             -1.50235e-10
             -1.50051e-10
             -1.49928e-10
             -1.49867e-10
