4.338942106603995        
4.338619846459668        
4.337653334133824        
4.336043373393426        
4.333791302003156        
4.330898988961033        
4.327368830644343        
4.323203745879566        
4.318407169955411        
4.312983047601803        
4.306935824961476        
4.300270440584485        
4.292992315479419        
4.285107342258375        
4.276621873415793        
4.267542708784086        
4.257877082211547        
4.247632647510333        
4.236817463724361        
4.225439979768708        
4.213509018493572        
4.201033760227081        
4.188023725852083        
4.174488759472731        
4.160439010726976        
4.145884916801156        
4.130837184202687        
4.11530677034635         
4.099304865009023        
4.082842871706688        
4.065932389046423        
4.048585192104674        
4.030813213881562        
4.012628526879173        
3.994043324849914        
3.975069904758947        
3.955720649002493        
3.936008007921551        
3.915944482648168        
3.895542608318921        
3.874814937687783        
3.853774025167959        
3.832432411329716        
3.810802607878611        
3.788897083135969        
3.766728248040847        
3.74430844269023         
3.721649923431674        
3.698764850520198        
3.67566527634884         
3.652363134259998        
3.628870227942467        
3.605198221416936        
3.581358629610724        
3.557362809520532        
3.533221951960249        
3.508947073889057        
3.484549011313521        
3.460038412755848        
3.435425733279093        
3.410721229058861        
3.385934952489873        
3.361076747814709        
3.336156247261143        
3.311182867673619        
3.286165807623709        
3.261114044983759        
3.236036334947418        
3.210941208480289        
3.185836971183611        
3.160731702553606        
3.135633255618951        
3.110549256938738        
3.085487106943225        
3.060453980599731        
3.035456828386109        
3.010502377554403        
2.985597133667444        
2.96074738239145         
2.935959191527935        
2.91123841326859         
2.886590686657153        
2.862021440242672        
2.837535894908998        
2.813139066865788        
2.788835770786729        
2.764630623081235        
2.740528045286289        
2.716532267565647        
2.69264733230413         
2.668877097785209        
2.64522524194064         
2.621695266161402        
2.598290499159693        
2.575014100872281        
2.551869066395982        
2.52885822994653         
2.50598426883263         
2.483249707437407        
2.460656921199994        
2.438208140590397        
2.415905455071275        
2.393750817040666        
2.37174604575012         
2.349892831193116        
2.328192737959014        
2.306647209048175        
2.285257569644241        
2.264025030839924        
2.242950693312965        
2.222035550949264        
2.201280494410462        
2.180686314643562        
2.160253706330439        
2.139983271275359        
2.119875521728855        
2.099930883646561        
2.080149699881817        
2.060532233311059        
2.041078669891201        
2.021789121648421        
2.002663629597896        
1.983702166594234        
1.964904640112451        
1.946270894959531        
1.927800715916687        
1.909493830312601        
1.891349910527996        
1.873368576432016        
1.855549397750986        
1.837891896370174        
1.820395548569305        
1.803059787192602        
1.785884003754216        
1.768867550479959        
1.752009742286307        
1.735309858697669        
1.718767145702977        
1.70238081755269         
1.686150058497296        
1.670074024468476        
1.654151844704074        
1.638382623318045        
1.622765440816577        
1.607299355561584        
1.591983405182763        
1.576816607939445        
1.561797964033425        
1.546926456874005        
1.53220105429643         
1.517620709734942        
1.503184363351621        
1.488890943122216        
1.474739365880121        
1.460728538319669        
1.446857357959881        
1.433124714069806        
1.419529488556569        
1.406070556817222        
1.392746788555478        
1.379557048564398        
1.366500197476069        
1.353575092479298        
1.340780588006333        
1.328115536389584        
1.315578788489322        
1.303169194293286        
1.290885603489132        
1.278726866010613        
1.266691832558385        
1.254779355096282        
1.242988287323911        
1.231317485126378        
1.219765807001938        
1.208332114468352        
1.197015272448703        
1.185814149637396        
1.174727618847074        
1.16375455733713         
1.152893847124488        
1.14214437527733         
1.131505034192369        
1.120974721856325        
1.11055234209217         
1.100236804790747        
1.090027026128308        
1.079921928770534        
1.069920442063547        
1.060021502212448        
1.050224052447857        
1.040527043180947        
1.030929432147435        
1.021430184540973        
1.012028273136383        
1.002722678403148        
0.9935123886095723       
0.9843963999179984       
0.9753737164714584       
0.9664433504721323       
0.957604322251961        
0.948855660335759        
0.940196401497151        
0.9316255908076585       
0.923142281679231        
0.9147455359005308       
0.906434423667243        
0.8982080236066959       
0.890065422797051        
0.8820057167813157       
0.8740280095764319       
0.8661314136776662       
0.8583150500585406       
0.8505780481665115       
0.8429195459146189       
0.8353386896692976       
0.8278346342345557       
0.8204065428326989       
0.813053587081789        
0.8057749469700022       
0.7985698108270614       
0.7914373752928942       
0.7843768452836799       
0.7773874339554225       
0.7704683626652019       
0.7636188609302291       
0.7568381663848459       
0.7501255247355842       
0.7434801897144155       
0.7369014230302945       
0.7303884943191182       
0.7239406810921963       
0.7175572686833431       
0.7112375501946795       
0.7049808264412452       
0.6987864058945067       
0.6926536046248442       
0.6865817462431043       
0.6805701618412906       
0.6746181899324715       
0.6687251763899715       
0.6628904743859205       
0.6571134443292173       
0.6513934538029788       
0.6457298775015258       
0.6401220971669687       
0.6345695015254403       
0.6290714862230344       
0.6236274537614905       
0.6182368134336809       
0.6128989812589344       
0.6076133799182488       
0.6023794386894226       
0.597196593382153        
0.5920642862731288       
0.5869819660411586       
0.5819490877023622       
0.5769651125454607       
0.5720295080671896       
0.5671417479078669       
0.5623013117871416       
0.5575076854399439       
0.5527603605526669       
0.548058834699595        
0.5434026112796071       
0.538791199453166        
0.5342241140796219       
0.5297008756548381       
0.5252210102491637       
0.5207840494457602       
0.5163895302793057       
0.5120369951750804       
0.5077259918884547       
0.503456073444784        
0.4992267980797278       
0.4950377291799963       
0.4908884352245417       
0.486778489726194        
0.4827074711737575       
0.478674962974568        
0.4746805533975244       
0.4707238355165929       
0.4668044071547974       
0.4629218708286936       
0.4590758336933368       
0.4552659074877448       
0.4514917084808578       
0.4477528574180027       
0.4440489794678593       
0.4403797041699348       
0.4367446653825448       
0.4331435012313056       
0.4295758540581353       
0.4260413703707679       
0.4225397007927774       
0.4190705000141151       
0.415633426742157        
0.412228143653264        
0.4088543173448504       
0.4055116182879635       
0.4021997207803699       
0.39891830290015         
0.3956670464597959       
0.3924456369608145       
0.3892537635488295       
0.3860911189691849       
0.3829573995230435       
0.379852305023981        
0.3767755387550701       
0.3737268074264553       
0.3707058211334122       
0.3677122933148908       
0.3647459407125382       
0.3618064833301976       
0.3588936443938817       
0.3560071503122144       
0.353146730637341        
0.3503121180262992       
0.3475030482028509       
0.3447192599197687       
0.3419604949215745       
0.3392264979077264       
0.3365170164962489       
0.3338318011878043       
0.3311706053302          
0.3285331850833277       
0.3259192993845322       
0.3233287099144025       
0.3207611810629858       
0.3182164798964149       
0.31569437612395         
0.3131946420654267       
0.3107170526191096       
0.3082613852299437       
0.3058274198582035       
0.3034149389485317       
0.3010237273993663       
0.2986535725327516       
0.296304264064526        
0.2939755940748879       
0.2916673569793293       
0.2893793494999392       
0.2871113706370673       
0.2848632216413479       
0.2826347059860776       
0.280425629339944        
0.2782357995401004       
0.2760650265655839       
0.273913122511071        
0.271779901560969        
0.2696651799638366       
0.2675687760071331       
0.2654905099922887       
0.2634302042100952       
0.2613876829164106       
0.2593627723081768       
0.2573553004997431       
0.2553650974994951       
0.2533919951867823       
0.2514358272891441       
0.2494964293598263       
0.2475736387555886       
0.2456672946147975       
0.2437772378357999       
0.2419033110555771       
0.2400453586286722       
0.2382032266063903       
0.2363767627162658       
0.2345658163417955       
0.2327702385024321       
0.2309898818338364       
0.2292246005683835       
0.2274742505159219       
0.225738689044779        
0.2240177750630136       
0.2223113689999081       
0.2206193327877022       
0.2189415298435593       
0.2172778250517683       
0.2156280847461729       
0.2139921766928286       
0.2123699700728834       
0.2107613354656785       
0.2091661448320676       
0.2075842714979508       
0.2060155901380205       
0.2044599767597174       
0.2029173086873925       
0.2013874645466727       
0.1998703242490286       
0.1983657689765398       
0.1968736811668574       
0.1953939444983578       
0.1939264438754897       
0.1924710654143069       
0.1910276964281895       
0.189596225413745        
0.188176542036894        
0.1867685371191309       
0.1853721026239628       
0.1839871316435212       
0.1826135183853456       
0.181251158159335        
0.1798999473648679       
0.1785597834780854       
0.1772305650393377       
0.1759121916407899       
0.1746045639141866       
0.1733075835187723       
0.1720211531293654       
0.1707451764245839       
0.1694795580752212       
0.1682242037327696       
0.1669790200180894       
0.1657439145102218       
0.1645187957353436       
0.1633035731558623       
0.1620981571596489       
0.1609024590494066       
0.1597163910321751       
0.1585398662089658       
0.1573727985645298       
0.1562151029572527       
0.1550666951091789       
0.1539274915961602       
0.1527974098381285       
0.1516763680894914       
0.1505642854296472       
0.1494610817536206       
0.1483666777628144       
0.1472809949558775       
0.1462039556196872       
0.1451354828204444       
0.1440755003948801       
0.1430239329415709       
0.1419807058123636       
0.1409457451039063       
0.1399189776492854       
0.1389003310097652       
0.1378897334666317       
0.1368871140131366       
0.1358924023465418       
0.1349055288602619       
0.1339264246361043       
0.1329550214366046       
0.1319912516974579       
0.131035048520042        
0.1300863456640337       
0.1291450775401157       
0.1282111792027728       
0.127284586343178        
0.1263652352821635       
0.1254530629632805       
0.124548006945942        
0.1236500053986507       
0.1227589970923092       
0.1218749213936114       
0.1209977182585157       
0.1201273282257967       
0.1192636924106754       
0.1184067524985276       
0.1175564507386679       
0.1167127299382097       
0.1158755334559989       
0.1150448051966218       
0.1142204896044847       
0.1134025316579658       
0.1125908768636372       
0.111785471250556        
0.1109862613646254       
0.1101931942630223       
0.1094062175086926       
0.1086252791649126       
0.1078503277899148       
0.1070813124315787       
0.1063181826221852       
0.105560888373233        
0.1048093801703171       
0.1040636089680687       
0.103323526185155        
0.1025890836993382       
0.1018602338425937       
0.1011369293962855       
0.1004191235863999       
0.09970677007883433      
0.09899982297474248      
0.09829823680593448      
0.09760196653033124      
0.09691096752747193      
0.09622519559407493      
0.0955446069396505       
0.09486915818216513      
0.09419880634375682      
0.09353350884650015      
0.09287322350822122      
0.0922179085383614       
0.09156752253388947      
0.09092202447526095      
0.09028137372242497      
0.08964553001087729      
0.08901445344775943      
0.08838810450800257      
0.08776644403051652      
0.0871494332144227       
0.08653703361533074      
0.08592920714165772      
0.08532591605099023      
0.08472712294648813      
0.08413279077332993      
0.08354288281519849      
0.08295736269080757      
0.08237619435046792      
0.0817993420726929       
0.08122677046084251      
0.08065844443980616      
0.08009432925272311      
0.07953439045774018      
0.07897859392480666      
0.07842690583250521      
0.07787929266491908      
0.07733572120853467      
0.07679615854917946      
0.07626057206899398      
0.07572892944343865      
0.07520119863833391      
0.07467734790693417      
0.07415734578703406      
0.07364116109810781      
0.07312876293848043      
0.07262012068253088      
0.0721152039779261       
0.07161398274288654      
0.07111642716348178      
0.07062250769095683      
0.07013219503908766      
0.0696454601815666       
0.06916227434941666      
0.0686826090284347       
0.06820643595666269      
0.06773372712188724      
0.06726445475916676      
0.06679859134838581      
0.06633610961183678      
0.06587698251182775      
0.06542118324831711      
0.06496868525657402      
0.06451946220486476      
0.06407348799216403      
0.06363073674589186      
0.06319118281967492      
0.0627548007911327       
0.06232156545968727      
0.06189145184439752      
0.06146443518181665      
0.06104049092387324      
0.06061959473577498      
0.06020172249393548      
0.05978685028392339      
0.05937495439843397      
0.05896601133528214      
0.05855999779541766      
0.05815689068096151      
0.05775666709326355      
0.05735930433098092      
0.0569647798881772       
0.05657307145244206      
0.05618415690303091      
0.05579801430902473      
0.05541462192750919      
0.05503395820177365      
0.05465600175952912      
0.05428073141114543      
0.05390812614790685      
0.05353816514028663      
0.05317082773623957      
0.05280609345951304      
0.05244394200797547      
0.0520843532519629       
0.05172730723264282      
0.05137278416039547      
0.05102076441321191      
0.05067122853510927      
0.05032415723456248      
0.04997953138295273      
0.04963733201303178      
0.04929754031740288      
0.04896013764701718      
0.04862510550968625      
0.04829242556860975      
0.04796207964091874      
0.04763404969623411      
0.04730831785523995      
0.04698486638827194      
0.04666367771392006      
0.04634473439764619      
0.04602801915041575      
0.0457135148273437       
0.04540120442635436      
0.04509107108685519      
0.04478309808842421      
0.04447726884951102      
0.044173566926151        
0.0438719760106929       
0.04357247993053941      
0.04327506264690081      
0.042979708253561        
0.0426864009756566       
0.04239512516846821      
0.04210586531622428      
0.04181860603091681      
0.04153333205112946      
0.04125002824087741      
0.04096867958845908      
0.04068927120531936      
0.04041178832492452      
0.04013621630164847      
0.03986254060967029      
0.0395907468418828       
0.03932082070881224      
0.03905274803754889      
0.03878651477068824      
0.03852210696528317      
0.03825951079180617      
0.0379987125331224       
0.03773969858347285      
0.03748245544746771      
0.03722696973908973      
0.03697322818070769      
0.03672121760209953      
0.03647092493948545      
0.03622233723457033      
0.03597544163359591      
0.03573022538640229      
0.03548667584549881      
0.03524478046514395      
0.03500452680043457      
0.03476590250640401      
0.03452889533712917      
0.03429349314484628      
0.03405968387907553      
0.03382745558575422      
0.03359679640637853      
0.03336769457715351      
0.03314013842815166      
0.03291411638247959      
0.03268961695545288      
0.03246662875377909      
0.03224514047474854      
0.03202514090543319      
0.03180661892189322      
0.03158956348839143      
0.03137396365661509      
0.03115980856490555      
0.03094708743749519      
0.0307357895837519       
0.03052590439743063      
0.03031742135593245      
0.03011033001957061      
0.02990462003084375      
0.02970028111371598      
0.0294973030729041       
0.02929567579317149      
0.02909538923862895      
0.028896433452042        
0.02869879855414513      
0.02850247474296233      
0.02830745229313439      
0.02811372155525231      
0.02792127295519738      
0.02773009699348735      
0.0275401842446289       
0.02735152535647628      
0.02716411104959599      
0.02697793211663754      
0.02679297942171013      
0.02660924389976533      
0.02642671655598546      
0.02624538846517784      
0.02606525077117474      
0.02588629468623905      
0.02570851149047535      
0.0255318925312468       
0.02535642922259727      
0.02518211304467907      
0.0250089355431859       
0.02483688832879126      
0.02466596307659196      
0.02449615152555702      
0.02432744547798152      
0.02415983679894568      
0.02399331741577892      
0.023827879317529        
0.02366351455443591      
0.02350021523741088      
0.02333797353752002      
0.02317678168547288      
0.02301663197111575      
0.02285751674292951      
0.02269942840753227      
0.02254235942918652      
0.0223863023293109       
0.02223124968599636      
0.02207719413352684      
0.02192412836190438      
0.02177204511637855      
0.02162093719698018      
0.02147079745805941      
0.02132161880782794      
0.02117339420790552      
0.02102611667287047      
0.0208797792698144       
0.02073437511790096      
0.02058989738792867      
0.02044633930189756      
0.02030369413257992      
0.02016195520309487      
0.02002111588648683      
0.01988116960530775      
0.01974210983120315      
0.01960393008450193      
0.01946662393380983      
0.01933018499560667      
0.01919460693384702      
0.0190598834595647       
0.01892600833048062      
0.01879297535061438      
0.01866077836989909      
0.01852941128379987      
0.01839886803293563      
0.01826914260270433      
0.01814022902291151      
0.01801212136740216      
0.01788481375369591      
0.01775830034262548      
0.01763257533797823      
0.01750763298614107      
0.01738346757574836      
0.01726007343733314      
0.01713744494298118      
0.01701557650598835      
0.01689446258052088      
0.01677409766127866      
0.01665447628316153      
0.01653559302093846      
0.01641744248891972      
0.01630001934063189      
0.01618331826849577      
0.016067334003507        
0.01595206131491967      
0.01583749500993255      
0.01572362993337818      
0.01561046096741455      
0.01549798303121963      
0.01538619108068843      
0.01527508010813283      
0.01516464514198388      
0.01505488124649683      
0.01494578352145867      
0.01483734710189818      
0.01472956715779855      
0.01462243889381244      
0.01451595754897959      
0.01441011839644677      
0.01430491674319023      
0.01420034792974052      
0.01409640732990968      
0.01399309035052078      
0.01389039243113982      
0.01378830904380988      
0.0136868356927876       
0.01358596791428192      
0.01348570127619506      
0.01338603137786564      
0.01328695384981418      
0.01318846435349053      
0.01309055858102375      
0.01299323225497379      
0.01289648112808562      
0.01280030098304516      
0.01270468763223757      
0.01260963691750729      
0.01251514470992038      
0.01242120690952874      
0.01232781944513636      
0.01223497827406752      
0.01214267938193701      
0.01205091878242224      
0.01195969251703729      
0.01186899665490888      
0.01177882729255418      
0.01168918055366054      
0.01160005258886706      
0.01151143957554796      
0.01142333771759781      
0.01133574324521852      
0.0112486524147082       
0.01116206150825161      
0.01107596683371257      
0.01099036472442793      
0.01090525153900338      
0.01082062366111089      
0.01073647749928785      
0.01065280948673788      
0.01056961608113331      
0.01048689376441928      
0.01040463904261944      
0.01032284844564337      
0.0102415185270954       
0.01016064586408518      
0.01008022705703973      
0.01000025872951708      
0.009920737528021381     
0.009841660121819619     
0.009763023202759754     
0.009684823485090461     
0.009607057705282184     
0.009529722621849814     
0.009452815015176736     
0.009376331687340336     
0.009300269461938921     
0.009224625183920063     
0.00914939571941034      
0.009074577955546434     
0.009000168800307691     
0.008926165182349892     
0.008852564050840511     
0.008779362375295236     
0.008706557145415843     
0.008634145370929353     
0.008562124081428514     
0.008490490326213551     
0.00841924117413524      
0.00834837371343914      
0.008277885051611188     
0.008207772315224482     
0.0081380326497873       
0.008068663219592338     
0.007999661207567154     
0.007931023815125809     
0.00786274826202173      
0.007794831786201644     
0.007727271643660797     
0.007660065108299256     
0.007593209471779373     
0.007526702043384384     
0.007460540149878118     
0.007394721135365833     
0.007329242361156132     
0.007264101205624036     
0.007199295064075016     
0.007134821348610221     
0.007070677487992706     
0.007006860927514727     
0.006943369128866075     
0.006880199570003454     
0.006817349745020864     
0.006754817164021058     
0.006692599352987895     
0.006630693853659804     
0.006569098223404175     
0.006507810035092748     
0.006446826876977969     
0.006386146352570307     
0.006325766080516519     
0.006265683694478909     
0.006205896843015419     
0.006146403189460753     
0.006087200411808372     
0.006028286202593405     
0.005969658268776473     
0.005911314331628394     
0.005853252126615785     
0.005795469403287576     
0.005737963925162305     
0.005680733469616375     
0.005623775827773118     
0.005567088804392719     
0.005510670217762974     
0.005454517899590893     
0.005398629694895121     
0.005343003461899172     
0.005287637071925519     
0.005232528409290399     
0.005177675371199507     
0.00512307586764443      
0.005068727821299878     
0.005014629167421693     
0.004960777853745622     
0.004907171840386846     
0.004853809099740313     
0.004800687616381724     
0.004747805386969359     
0.004695160420146588     
0.004642750736445123     
0.004590574368188994     
0.00453862935939924      
0.004486913765699302     
0.004435425654221167     
0.004384163103512115     
0.004333124203442255     
0.004282307055112695     
0.004231709770764403     
0.004181330473687745     
0.004131167298132685     
0.004081218389219652     
0.00403148190285105      
0.003981956005623464     
0.003932638874740424     
0.003883528697925896     
0.003834623673338357     
0.003785922009485513     
0.003737421925139637     
0.003689121649253522     
0.003641019420877039     
0.00359311348907434      
0.003545402112841584     
0.003497883561025334     
0.00345055611224151      
0.003403418054794926     
0.003356467686599422     
0.003309703315098549     
0.003263123257186839     
0.003216725839131662     
0.00317050939649557      
0.00312447227405928      
0.003078612825745154     
0.00303292941454125      
0.002987420412425894     
0.002942084200292808     
0.002896919167876747     
0.002851923713679675     
0.00280709624489749      
0.002762435177347188     
0.002717938935394623     
0.002673605951882735     
0.002629434668060284     
0.00258542353351109      
0.002541571006083765     
0.002497875551821928     
0.002454335644894943     
0.002410949767529068     
0.002367716409939149     
0.002324634070260759     
0.002281701254482808     
0.00223891647638062      
0.002196278257449474     
0.002153785126838589     
0.002111435621285603     
0.002069228285051429     
0.002027161669855626     
0.001985234334812177     
0.001943444846365713     
0.001901791778228164     
0.001860273711315853     
0.001818889233687        
0.001777636940479656     
0.001736515433850079     
0.001695523322911465     
0.001654659223673151     
0.001613921758980198     
0.001573309558453384     
0.001532821258429591     
0.0014924555019026       
0.001452210938464261     
0.001412086224246101     
0.001372080021861233     
0.001332191000346736     
0.001292417835106364     
0.001252759207853648     
0.00121321380655537      
0.001173780325375403     
0.001134457464618917     
0.001095243930676975     
0.00105613843597143      
0.001017139698900239     
0.0009782464437831004    
0.0009394574008074518    
0.0009007713059748103    
0.0008621869010474611    
0.0008237029334954853    
0.0007853181564441216    
0.000747031328621496     
0.0007088412143066167    
0.0006707465832777664    
0.0006327462107611874    
0.0005948388773800972    
0.0005570233691040254    
0.0005192984771984678    
0.00048166299817485      
0.0004441157337408359    
0.0004066554907508801    
0.0003692810811571525    
0.000331991321960735     
0.0002947850351631259    
0.0002576610477180419    
0.0002206181914835179    
0.0001836553031742922    
0.0001467712243145162    
0.0001099648011906856    
7.323488480492355e-05    
3.658033082851395e-05    
-4.442789113489297e-13   
