150521120605  130  382     5         0.79            0            0       17.775       9.9695       29.825       1.7411 2.7e-07  0.0091   0.016
150521120605  130  382     5      0.78992            0   6.5479e-05       17.778        9.974       29.823       1.7358 5.5e-09  0.0091   0.016
150521120605  130  382     5      0.78985            0   0.00013096       17.771       9.9696       29.821        1.746 1.6e-08   0.009   0.016
150521120605  130  382     5       0.7898            0   0.00021842       17.769        9.968        29.82       1.7492 3.2e-08   0.009   0.016
150521120605  130  382     5      0.78979            0   0.00031762       17.772       9.9697        29.82       1.7441 5.3e-08  0.0091   0.016
150521120605  130  382     5      0.78974            0   0.00040264       17.769       9.9675       29.819       1.7487 5.8e-08  0.0091   0.016
150521120605  130  382     5      0.78971            0   0.00050059       17.772       9.9686       29.819       1.7452 7.8e-08  0.0091   0.016
150521120605  130  382     5      0.78966            0   0.00058198       17.768       9.9659       29.818       1.7511 8.4e-08  0.0091   0.016
150521120605  130  382     5      0.78962            0   0.00067524       17.767       9.9655       29.817       1.7513   1e-07  0.0091   0.016
150521120605  130  382     5      0.78959            0   0.00076877       17.767       9.9651       29.817       1.7515 1.2e-07  0.0091   0.016
150521120605  130  382     5      0.78955            0   0.00086292       17.767       9.9649       29.816       1.7512 1.3e-07  0.0091   0.016
150521120605  130  382     5      0.78951            0   0.00095317       17.766       9.9637       29.815       1.7532 1.4e-07  0.0091   0.016
150521120607  130  382     5         0.78            0            0       16.561       9.1791       29.485       3.6506 2.1e-07  0.0075   0.013
150521120607  130  382     5      0.77991            0   3.8929e-05       16.565       9.1839       29.482       3.6436 2.1e-09  0.0076   0.013
150521120607  130  382     5      0.77982            0   7.7857e-05       16.556       9.1779        29.48       3.6578 5.7e-09  0.0075   0.013
150521120607  130  382     5      0.77979            0   0.00017368       16.556        9.178       29.479       3.6569 1.6e-08  0.0075   0.013
150521120607  130  382     5      0.77972            0   0.00024324       16.551       9.1742       29.478       3.6656   2e-08  0.0075   0.013
150521120607  130  382     5      0.77978            0   0.00032348       16.561       9.1806        29.48       3.6495 3.4e-08  0.0076   0.013
150521120607  130  382     5      0.77974            0   0.00041745       16.561       9.1802        29.48       3.6499 3.7e-08  0.0076   0.013
150521120607  130  382     5      0.77971            0   0.00051308       16.561       9.1802        29.48       3.6491 4.6e-08  0.0076   0.013
150521120607  130  382     5      0.77969            0   0.00060963       16.562       9.1805       29.479       3.6477 5.5e-08  0.0076   0.013
150521120607  130  382     5      0.77967            0   0.00070768       16.563       9.1813        29.48       3.6451 6.4e-08  0.0076   0.013
150521120607  130  382     5      0.77966            0   0.00080735       16.566        9.183        29.48       3.6402 7.3e-08  0.0076   0.013
150521120607  130  382     5      0.77967            0   0.00090679       16.572       9.1862       29.481        3.632 8.4e-08  0.0076   0.013
150521120607  130  382     5      0.77957            0   0.00092788       16.561       9.1793       29.478       3.6485 8.2e-08  0.0076   0.013
150521120607  130  382     5      0.77953            0    0.0010211       16.561       9.1788       29.478       3.6491 9.1e-08  0.0076   0.013
150521120607  130  382     5      0.77951            0    0.0011175       16.561        9.179       29.477       3.6478   1e-07  0.0076   0.013
150521120607  130  382     5      0.77949            0    0.0012155       16.563       9.1798       29.478       3.6452 1.1e-07  0.0076   0.013
150521120607  130  382     5      0.77948            0    0.0013151       16.566       9.1815       29.478       3.6405 1.2e-07  0.0076   0.014
150521120607  130  382     5      0.77949            0    0.0014146       16.571       9.1845       29.479       3.6324 1.3e-07  0.0076   0.014
150521120607  130  382     5      0.77939            0    0.0014297        16.56       9.1774       29.476       3.6495 1.3e-07  0.0076   0.014
150521120607  130  382     5      0.77935            0    0.0015233        16.56        9.177       29.475         3.65 1.4e-07  0.0076   0.014
150521120607  130  382     5      0.77932            0    0.0016186        16.56       9.1769       29.475       3.6494 1.4e-07  0.0076   0.014
150521120607  130  382     5       0.7793            0    0.0017148        16.56       9.1771       29.475       3.6482 1.5e-07  0.0076   0.014
150521120607  130  382     5      0.77927            0    0.0018123       16.562       9.1777       29.475        3.646 1.6e-07  0.0076   0.014
150521120607  130  382     5      0.77926            0    0.0019115       16.564       9.1791       29.475        3.642 1.7e-07  0.0076   0.014
150521120607  130  382     5      0.77927            0    0.0020114       16.569       9.1818       29.476       3.6349 1.8e-07  0.0076   0.014
150521120607  130  382     5      0.77917            0    0.0020201       16.557       9.1744       29.473       3.6525 1.8e-07  0.0076   0.014
150521120607  130  382     5      0.77914            0    0.0021162       16.558       9.1746       29.473       3.6514 1.9e-07  0.0076   0.014
150521120607  130  382     5       0.7791            0    0.0022088       16.557        9.174       29.472       3.6524   2e-07  0.0076   0.014
150521120607  130  382     5      0.77906            0    0.0022994       16.556       9.1729       29.472       3.6543   2e-07  0.0076   0.014
150521120607  130  382     5      0.77901            0    0.0023845       16.553       9.1709       29.471       3.6585 2.1e-07  0.0076   0.014
150521120607  130  382     5      0.77893            0    0.0024481       16.547       9.1666       29.469       3.6685 2.1e-07  0.0076   0.014
150521120607  130  382     5      0.77898            0    0.0025343       16.556       9.1725       29.471       3.6536 2.3e-07  0.0076   0.014
150521120607  130  382     5      0.77895            0    0.0026292       16.556       9.1723        29.47       3.6534 2.3e-07  0.0076   0.014
150521120609  130  382     5         0.77            0            0       15.449       8.4638       29.168        5.376 1.9e-07  0.0065   0.011
150521120609  130  382     5      0.76994            0    7.799e-05       15.452       8.4674       29.166       5.3719 3.8e-09  0.0065   0.012
150521120609  130  382     5      0.76987            0   0.00015598       15.448       8.4647       29.165       5.3779 8.7e-09  0.0065   0.012
150521120609  130  382     5      0.76984            0   0.00024787       15.447       8.4639       29.164       5.3793 1.5e-08  0.0065   0.012
150521120609  130  382     5      0.76978            0   0.00033344       15.444       8.4621       29.163       5.3831   2e-08  0.0065   0.012
150521120609  130  382     5      0.76971            0   0.00039821       15.438       8.4582       29.162       5.3921 2.4e-08  0.0065   0.012
150521120609  130  382     5      0.76976            0   0.00048314       15.447       8.4636       29.164       5.3785 3.3e-08  0.0065   0.012
150521120609  130  382     5      0.76973            0   0.00057839       15.447       8.4635       29.163       5.3783 3.6e-08  0.0065   0.012
150521120609  130  382     5      0.76968            0   0.00066728       15.445       8.4622       29.163       5.3809 4.1e-08  0.0065   0.012
150521120609  130  382     5      0.76962            0   0.00074644       15.442       8.4596       29.161       5.3866 4.5e-08  0.0065   0.012
150521120609  130  382     5      0.76953            0   0.00076917       15.432       8.4534       29.159       5.4015 4.7e-08  0.0065   0.012
150521120609  130  382     5      0.76946            0   0.00084153       15.427       8.4501       29.157       5.4089 5.1e-08  0.0065   0.012
150521120609  130  382     5      0.76948            0   0.00093907       15.433       8.4537       29.158       5.3997   6e-08  0.0065   0.012
150521120609  130  382     5      0.76943            0    0.0010277       15.431       8.4523       29.158       5.4024 6.3e-08  0.0065   0.012
150521120609  130  382     5       0.7695            0    0.0011027       15.441       8.4584        29.16       5.3872 7.1e-08  0.0065   0.012
150521120609  130  382     5      0.76948            0    0.0012007       15.442       8.4591        29.16        5.385 7.5e-08  0.0065   0.012
150521120609  130  382     5      0.76939            0    0.0012432       15.434       8.4537       29.158       5.3977 7.6e-08  0.0065   0.012
150521120609  130  382     5      0.76935            0    0.0013363       15.433       8.4532       29.157       5.3985 8.2e-08  0.0065   0.012
150521120609  130  382     5      0.76943            0    0.0013926       15.444         8.46        29.16       5.3816 8.9e-08  0.0065   0.012
150521120609  130  382     5      0.76942            0    0.0014912       15.446       8.4609        29.16       5.3788 9.3e-08  0.0065   0.012
150521120609  130  382     5      0.76937            0    0.0015772       15.444       8.4592       29.159       5.3825 9.7e-08  0.0065   0.012
150521120609  130  382     5      0.76929            0    0.0016472       15.438       8.4557       29.158       5.3904   1e-07  0.0065   0.012
150521120609  130  382     5      0.76921            0    0.0015905       15.428       8.4489       29.155       5.4073 9.9e-08  0.0065   0.012
150521120609  130  382     5      0.76921            0    0.0014906       15.423       8.4464       29.154       5.4138 9.3e-08  0.0065   0.012
150521120609  130  382     5      0.76929            0    0.0014293        15.43       8.4506       29.156       5.4041 8.7e-08  0.0065   0.012
150521120609  130  382     5      0.76937            0    0.0014832       15.441       8.4575       29.159       5.3871 9.5e-08  0.0065   0.012
150521120609  130  382     5      0.76936            0     0.001583       15.444       8.4591       29.159       5.3826 9.9e-08  0.0065   0.012
150521120609  130  382     5      0.76929            0    0.0016458       15.437        8.455       29.157        5.392   1e-07  0.0065   0.012
150521120609  130  382     5      0.76933            0    0.0017334       15.446       8.4602        29.16        5.379 1.1e-07  0.0065   0.012
150521120609  130  382     5       0.7693            0    0.0018284       15.446         8.46       29.159       5.3789 1.1e-07  0.0065   0.012
150521120609  130  382     5      0.76925            0     0.001915       15.443       8.4584       29.158       5.3824 1.2e-07  0.0065   0.012
150521120609  130  382     5      0.76918            0    0.0019854       15.438       8.4549       29.157       5.3902 1.2e-07  0.0065   0.012
150521120609  130  382     5       0.7691            0    0.0019329       15.427        8.448       29.154       5.4073 1.2e-07  0.0065   0.012
150521120609  130  382     5      0.76903            0    0.0020093       15.423       8.4451       29.152       5.4137 1.2e-07  0.0065   0.012
150521120609  130  382     5      0.76906            0    0.0021056       15.429        8.449       29.154       5.4038 1.3e-07  0.0065   0.012
150521120609  130  382     5      0.76901            0    0.0021954       15.428       8.4478       29.153       5.4061 1.3e-07  0.0065   0.012
150521120609  130  382     5      0.76908            0    0.0022728       15.437       8.4538       29.156       5.3912 1.4e-07  0.0065   0.012
150521120609  130  382     5      0.76906            0    0.0023707       15.439       8.4544       29.156        5.389 1.5e-07  0.0065   0.012
150521120609  130  382     5      0.76896            0     0.002379       15.428       8.4477       29.153       5.4051 1.5e-07  0.0065   0.012
150521120609  130  382     5      0.76894            0    0.0022807       15.423       8.4445       29.151       5.4136 1.4e-07  0.0065   0.012
150521120609  130  382     5      0.76901            0    0.0022062       15.427       8.4475       29.153       5.4068 1.3e-07  0.0065   0.012
150521120609  130  382     5       0.7691            0    0.0022413       15.439       8.4547       29.156       5.3892 1.4e-07  0.0065   0.012
150521120609  130  382     5      0.76911            0    0.0023411       15.443       8.4572       29.157       5.3825 1.5e-07  0.0065   0.012
150521120609  130  382     5      0.76906            0    0.0024306       15.441       8.4559       29.156       5.3849 1.5e-07  0.0065   0.012
150521120609  130  382     5      0.76897            0    0.0024739       15.433       8.4506       29.154       5.3975 1.5e-07  0.0065   0.012
150521120609  130  382     5      0.76894            0    0.0025679       15.433       8.4502       29.153       5.3979 1.6e-07  0.0065   0.012
150521120609  130  382     5      0.76902            0    0.0026199       15.444       8.4572       29.156       5.3807 1.7e-07  0.0065   0.012
150521120609  130  382     5        0.769            0    0.0027185       15.446       8.4581       29.156        5.378 1.7e-07  0.0065   0.012
150521120609  130  382     5      0.76896            0    0.0028075       15.444       8.4568       29.156       5.3806 1.7e-07  0.0065   0.012
150521120609  130  382     5       0.7689            0    0.0028882        15.44       8.4544       29.154       5.3859 1.8e-07  0.0065   0.012
150521120609  130  382     5      0.76881            0    0.0029227       15.431       8.4486       29.152       5.3995 1.8e-07  0.0065   0.012
150521120609  130  382     5      0.76875            0    0.0030081       15.429       8.4468       29.151       5.4034 1.8e-07  0.0065   0.012
150521120609  130  382     5      0.76881            0    0.0030898       15.438       8.4525       29.153       5.3891 1.9e-07  0.0065   0.012
150521120609  130  382     5      0.76879            0    0.0031868       15.439       8.4528       29.153       5.3877   2e-07  0.0065   0.012
150521120609  130  382     5      0.76869            0    0.0032037       15.429       8.4464        29.15       5.4032   2e-07  0.0065   0.012
150521120609  130  382     5      0.76861            0    0.0032702       15.423       8.4427       29.148       5.4118   2e-07  0.0065   0.012
150521120609  130  382     5      0.76862            0    0.0033699       15.428       8.4453       29.149       5.4048 2.1e-07  0.0065   0.012
150521120609  130  382     5      0.76857            0    0.0034529       15.425       8.4432       29.148       5.4094 2.1e-07  0.0065   0.012
150521120609  130  382     5      0.76861            0    0.0035425       15.433       8.4481        29.15       5.3969 2.2e-07  0.0065   0.012
150521120609  130  382     5      0.76858            0    0.0036372       15.433       8.4479        29.15       5.3969 2.2e-07  0.0065   0.012
150521120609  130  382     5      0.76867            0    0.0036836       15.444        8.455       29.153       5.3795 2.3e-07  0.0065   0.012
150521120609  130  382     5      0.76865            0    0.0037817       15.445       8.4557       29.153       5.3771 2.3e-07  0.0065   0.012
150521120609  130  382     5      0.76861            0    0.0038737       15.444       8.4549       29.153       5.3785 2.4e-07  0.0065   0.012
150521120609  130  382     5      0.76856            0    0.0039624       15.442       8.4536       29.152       5.3811 2.4e-07  0.0065   0.012
150521120611  130  382     5         0.76            0            0       14.409       7.8044       28.871       6.9695   4e-08  0.0057  0.0099
150521120611  130  382     5      0.75993            0   6.7613e-05       14.411       7.8073        28.87       6.9659 2.3e-09  0.0057   0.011
150521120611  130  382     5      0.75985            0   0.00013523       14.406       7.8039       28.868       6.9737 5.5e-09  0.0057   0.011
150521120611  130  382     5      0.75981            0   0.00022408       14.405       7.8027       28.867       6.9762 9.9e-09  0.0057   0.011
150521120611  130  382     5      0.75973            0    0.0002857       14.399       7.7989       28.865       6.9851 1.2e-08  0.0057   0.011
150521120611  130  382     5      0.75976            0   0.00037984       14.405       7.8028       28.867       6.9752 1.9e-08  0.0057   0.011
150521120611  130  382     5      0.75973            0   0.00047342       14.405       7.8023       28.867       6.9758 2.2e-08  0.0057   0.011
150521120611  130  382     5      0.75965            0   0.00053625       14.399       7.7985       28.865       6.9845 2.4e-08  0.0057   0.011
150521120611  130  382     5      0.75969            0   0.00062656       14.406       7.8029       28.867       6.9734 3.1e-08  0.0057   0.011
150521120611  130  382     5      0.75966            0   0.00072131       14.406       7.8027       28.866       6.9735 3.3e-08  0.0057   0.011
150521120611  130  382     5       0.7596            0   0.00080151       14.403       7.8004       28.865       6.9785 3.6e-08  0.0057   0.011
150521120611  130  382     5      0.75951            0   0.00083615       14.394       7.7951       28.863       6.9911 3.8e-08  0.0057   0.011
150521120611  130  382     5      0.75945            0   0.00092125       14.392       7.7934       28.862       6.9948 4.2e-08  0.0057   0.011
150521120611  130  382     5      0.75951            0     0.001004         14.4       7.7984       28.864        6.982 4.8e-08  0.0057   0.011
150521120611  130  382     5      0.75948            0    0.0011009       14.401       7.7987       28.864       6.9809 5.1e-08  0.0057   0.011
150521120611  130  382     5      0.75939            0    0.0011103       14.391       7.7926       28.861       6.9956 5.1e-08  0.0057   0.011
150521120611  130  382     5       0.7593            0    0.0011687       14.385       7.7885       28.859       7.0051 5.3e-08  0.0057   0.011
150521120611  130  382     5       0.7593            0    0.0012683       14.387       7.7898       28.859       7.0014 5.9e-08  0.0057   0.011
150521120611  130  382     5      0.75938            0    0.0013179       14.397       7.7962       28.862       6.9857 6.3e-08  0.0057   0.011
150521120611  130  382     5      0.75938            0    0.0014179       14.401       7.7982       28.863       6.9802 6.6e-08  0.0057   0.011
150521120611  130  382     5      0.75933            0     0.001504       14.399       7.7966       28.862       6.9836 6.9e-08  0.0057   0.011
150521120611  130  382     5      0.75924            0    0.0014659       14.388       7.7901       28.859       6.9996 6.8e-08  0.0057   0.011
150521120611  130  382     5      0.75917            0     0.001391       14.379       7.7845       28.857       7.0135 6.5e-08  0.0057   0.011
150521120611  130  382     5      0.75917            0    0.0012911       14.376       7.7825       28.856       7.0189   6e-08  0.0057   0.011
150521120611  130  382     5      0.75925            0    0.0012273       14.381       7.7862       28.858       7.0104 5.5e-08  0.0057   0.011
150521120611  130  382     5      0.75934            0    0.0012638       14.392       7.7927       28.861       6.9944   6e-08  0.0057   0.011
150521120611  130  382     5      0.75936            0    0.0013621       14.397       7.7957       28.862       6.9866 6.4e-08  0.0057   0.011
150521120611  130  382     5      0.75931            0    0.0014504       14.395       7.7944       28.861       6.9893 6.6e-08  0.0057   0.011
150521120611  130  382     5      0.75939            0     0.001516       14.405       7.8004       28.864       6.9745 7.2e-08  0.0057   0.011
150521120611  130  382     5      0.75937            0     0.001614       14.406       7.8009       28.864       6.9726 7.5e-08  0.0057   0.011
150521120611  130  382     5      0.75932            0    0.0016981       14.403       7.7991       28.863       6.9766 7.8e-08  0.0057   0.011
150521120611  130  382     5      0.75924            0    0.0017586       14.397       7.7952       28.861       6.9856   8e-08  0.0057   0.011
150521120611  130  382     5      0.75926            0    0.0018552       14.403       7.7986       28.862       6.9768 8.7e-08  0.0057   0.011
150521120611  130  382     5      0.75922            0    0.0019473       14.402       7.7979       28.862       6.9781   9e-08  0.0057   0.011
150521120611  130  382     5      0.75913            0    0.0019854       14.394       7.7928        28.86       6.9903 9.1e-08  0.0057   0.011
150521120611  130  382     5      0.75908            0     0.002074       14.392       7.7915       28.859       6.9929 9.5e-08  0.0057   0.011
150521120611  130  382     5      0.75915            0    0.0021478       14.401       7.7971       28.861       6.9788   1e-07  0.0057   0.011
150521120611  130  382     5      0.75913            0    0.0022459       14.403       7.7977       28.861       6.9768   1e-07  0.0057   0.011
150521120611  130  382     5      0.75905            0    0.0022978       14.396       7.7933       28.859       6.9873 1.1e-07  0.0057   0.011
150521120611  130  382     5      0.75904            0    0.0023973       14.398       7.7945        28.86       6.9838 1.1e-07  0.0057   0.011
150521120611  130  382     5      0.75894            0    0.0023948       14.388       7.7881       28.857       6.9991 1.1e-07  0.0057   0.011
150521120611  130  382     5      0.75885            0    0.0023541       14.377       7.7816       28.854       7.0151 1.1e-07  0.0057   0.011
150521120611  130  382     5      0.75887            0    0.0022574       14.377       7.7814       28.854       7.0161   1e-07  0.0057   0.011
150521120611  130  382     5      0.75897            0    0.0022246       14.385       7.7868       28.856       7.0034   1e-07  0.0057   0.011
150521120611  130  382     5      0.75904            0    0.0022934       14.395       7.7926       28.859       6.9888 1.1e-07  0.0057   0.011
150521120611  130  382     5      0.75903            0    0.0023929       14.397       7.7938       28.859       6.9853 1.1e-07  0.0057   0.011
150521120611  130  382     5      0.75913            0    0.0024041       14.407       7.8003       28.862       6.9696 1.1e-07  0.0057   0.011
150521120611  130  382     5      0.75916            0    0.0023088       14.407       7.8005       28.862       6.9698 1.1e-07  0.0057   0.011
150521120611  130  382     5      0.75919            0    0.0022132       14.407       7.8005       28.863       6.9701   1e-07  0.0057   0.011
150521120611  130  382     5      0.75921            0    0.0021171       14.407       7.8005       28.863       6.9708 9.8e-08  0.0057   0.011
150521120611  130  382     5      0.75924            0    0.0020198       14.406       7.8002       28.863       6.9721 9.4e-08  0.0057   0.011
150521120611  130  382     5      0.75925            0    0.0019208       14.404       7.7992       28.863       6.9751 8.9e-08  0.0057   0.011
150521120611  130  382     5      0.75924            0    0.0018215         14.4       7.7966       28.862       6.9819 8.5e-08  0.0057   0.011
150521120611  130  382     5      0.75914            0    0.0017976       14.389         7.79       28.859       6.9979 8.3e-08  0.0057   0.011
150521120611  130  382     5      0.75906            0    0.0017381       14.379       7.7839       28.856       7.0131 8.1e-08  0.0057   0.011
150521120611  130  382     5      0.75911            0    0.0016503       14.381       7.7853       28.857       7.0102 7.5e-08  0.0057   0.011
150521120611  130  382     5      0.75921            0    0.0016482       14.391       7.7915        28.86       6.9951 7.6e-08  0.0057   0.011
150521120611  130  382     5      0.75926            0    0.0017368       14.399       7.7961       28.861       6.9836 8.2e-08  0.0057   0.011
150521120611  130  382     5      0.75923            0     0.001832       14.399       7.7959       28.861       6.9834 8.4e-08  0.0057   0.011
150521120611  130  382     5      0.75913            0    0.0018157       14.388       7.7894       28.858       6.9993 8.4e-08  0.0057   0.011
150521120611  130  382     5      0.75904            0    0.0017617       14.378       7.7831       28.856       7.0148 8.2e-08  0.0057   0.011
150521120611  130  382     5      0.75906            0    0.0016633       14.377       7.7824       28.855        7.017 7.7e-08  0.0057   0.011
150521120611  130  382     5      0.75915            0     0.001622       14.384       7.7874       28.858       7.0052 7.4e-08  0.0057   0.011
150521120611  130  382     5      0.75923            0    0.0016835       14.394       7.7935        28.86       6.9901   8e-08  0.0057   0.011
150521120611  130  382     5      0.75923            0    0.0017834       14.397       7.7952       28.861       6.9856 8.3e-08  0.0057   0.011
150521120611  130  382     5      0.75933            0    0.0017901       14.407       7.8016       28.864         6.97 8.4e-08  0.0057   0.011
150521120611  130  382     5      0.75935            0    0.0016941       14.407       7.8015       28.864       6.9706 7.8e-08  0.0057   0.011
150521120611  130  382     5      0.75938            0     0.001597       14.406       7.8013       28.864       6.9719 7.4e-08  0.0057   0.011
150521120611  130  382     5      0.75939            0    0.0014982       14.405       7.8004       28.864       6.9745   7e-08  0.0057   0.011
150521120611  130  382     5      0.75939            0    0.0013984       14.401       7.7982       28.863       6.9804 6.5e-08  0.0057   0.011
150521120611  130  382     5      0.75931            0    0.0013416       14.391       7.7919        28.86       6.9958 6.3e-08  0.0057   0.011
150521120611  130  382     5      0.75926            0    0.0012539       14.383       7.7873       28.858       7.0076 5.9e-08  0.0057   0.011
150521120611  130  382     5      0.75928            0    0.0011575       14.383       7.7872       28.858       7.0084 5.3e-08  0.0057   0.011
150521120611  130  382     5      0.75938            0    0.0011305       14.391       7.7927       28.861       6.9951 5.2e-08  0.0057   0.011
150521120611  130  382     5      0.75944            0    0.0012084         14.4       7.7981       28.863       6.9816 5.8e-08  0.0057   0.011
150521120611  130  382     5      0.75942            0    0.0013062       14.401       7.7986       28.863       6.9799   6e-08  0.0057   0.011
150521120611  130  382     5      0.75933            0    0.0013279       14.392       7.7929       28.861       6.9936 6.1e-08  0.0057   0.011
150521120611  130  382     5      0.75926            0    0.0013995       14.388       7.7898       28.859       7.0007 6.4e-08  0.0057   0.011
150521120611  130  382     5      0.75927            0    0.0014976       14.393       7.7928        28.86       6.9928   7e-08  0.0057   0.011
150521120611  130  382     5      0.75923            0    0.0015852       14.391       7.7914        28.86       6.9958 7.3e-08  0.0057   0.011
150521120611  130  382     5      0.75929            0    0.0016652       14.399       7.7967       28.862       6.9826 7.9e-08  0.0057   0.011
150521120611  130  382     5      0.75926            0    0.0017627         14.4       7.7971       28.862        6.981 8.2e-08  0.0057   0.011
150521120611  130  382     5      0.75916            0    0.0017726       14.391        7.791       28.859       6.9957 8.2e-08  0.0057   0.011
150521120611  130  382     5      0.75908            0    0.0018316       14.384        7.787       28.857        7.005 8.4e-08  0.0057   0.011
150521120611  130  382     5      0.75908            0    0.0019313       14.387       7.7883       28.858       7.0012 8.9e-08  0.0057   0.011
150521120611  130  382     5      0.75916            0    0.0019795       14.397       7.7948        28.86       6.9854 9.4e-08  0.0057   0.011
150521120611  130  382     5      0.75917            0    0.0020795       14.401       7.7968       28.861       6.9798 9.7e-08  0.0057   0.011
150521120611  130  382     5      0.75912            0     0.002166       14.399       7.7953        28.86       6.9831   1e-07  0.0057   0.011
150521120611  130  382     5      0.75902            0    0.0021338       14.388       7.7887       28.857       6.9992 9.9e-08  0.0057   0.011
150521120611  130  382     5      0.75895            0    0.0020648       14.379       7.7829       28.855       7.0137 9.6e-08  0.0057   0.011
150521120611  130  382     5        0.759            0    0.0019776       14.381       7.7843       28.856       7.0106   9e-08  0.0057   0.011
150521120611  130  382     5       0.7591            0    0.0019767       14.391       7.7906       28.859       6.9954 9.2e-08  0.0057   0.011
150521120611  130  382     5      0.75914            0    0.0020656       14.398       7.7952        28.86       6.9839 9.7e-08  0.0057   0.011
150521120611  130  382     5      0.75911            0    0.0021607       14.398        7.795        28.86       6.9838   1e-07  0.0057   0.011
150521120611  130  382     5      0.75902            0    0.0021411       14.388       7.7884       28.857       6.9998 9.9e-08  0.0057   0.011
150521120611  130  382     5      0.75893            0    0.0020833       14.378       7.7822       28.855       7.0151 9.7e-08  0.0057   0.011
150521120611  130  382     5      0.75896            0    0.0019863       14.377        7.782       28.855       7.0163 9.1e-08  0.0057   0.011
150521120611  130  382     5      0.75905            0    0.0019522       14.385       7.7873       28.857       7.0037 8.9e-08  0.0057   0.011
150521120611  130  382     5      0.75913            0      0.00202       14.395       7.7931        28.86        6.989 9.6e-08  0.0057   0.011
150521120611  130  382     5      0.75912            0    0.0021196       14.397       7.7944        28.86       6.9854 9.8e-08  0.0057   0.011
150521120611  130  382     5      0.75922            0    0.0021302       14.407       7.8009       28.863       6.9697   1e-07  0.0057   0.011
150521120611  130  382     5      0.75925            0    0.0020348       14.407        7.801       28.863         6.97 9.4e-08  0.0057   0.011
150521120611  130  382     5      0.75927            0    0.0019389       14.407        7.801       28.863       6.9705   9e-08  0.0057   0.011
150521120611  130  382     5       0.7593            0    0.0018421       14.406       7.8008       28.863       6.9715 8.5e-08  0.0057   0.011
150521120611  130  382     5      0.75932            0    0.0017437       14.405       7.8001       28.863       6.9737 8.1e-08  0.0057   0.011
150521120611  130  382     5      0.75932            0    0.0016437       14.402       7.7983       28.863       6.9787 7.7e-08  0.0057   0.011
150521120613  130  382     5         0.75            0            0       13.446       7.2016       28.595       8.4261 7.5e-08   0.005   0.009
150521120613  130  382     5      0.74993            0   7.0425e-05       13.448       7.2041       28.593       8.4232   2e-09   0.005  0.0096
150521120613  130  382     5      0.74986            0   0.00014085       13.443       7.2012       28.592       8.4299 4.5e-09   0.005  0.0096
150521120613  130  382     5      0.74981            0   0.00022948       13.441          7.2       28.591       8.4323 7.8e-09   0.005  0.0096
150521120613  130  382     5      0.74973            0   0.00029116       13.436       7.1965       28.589       8.4405 9.9e-09   0.005  0.0096
150521120613  130  382     5      0.74976            0   0.00038593       13.442       7.1999       28.591       8.4317 1.5e-08   0.005  0.0096
150521120613  130  382     5      0.74973            0   0.00047932       13.441       7.1994        28.59       8.4325 1.7e-08   0.005  0.0096
150521120613  130  382     5      0.74965            0   0.00053672       13.435       7.1956       28.588       8.4413 1.9e-08   0.005  0.0096
150521120613  130  382     5      0.74966            0   0.00063607       13.439       7.1979       28.589       8.4352 2.4e-08   0.005  0.0096
150521120613  130  382     5      0.74961            0   0.00072473       13.437       7.1967       28.589       8.4376 2.6e-08   0.005  0.0096
150521120613  130  382     5      0.74951            0   0.00070832       13.428       7.1908       28.586       8.4521 2.6e-08   0.005  0.0096
150521120613  130  382     5      0.74943            0   0.00065584       13.418        7.185       28.583       8.4663 2.4e-08   0.005  0.0096
150521120613  130  382     5      0.74939            0   0.00056384       13.412       7.1812       28.582       8.4759 2.1e-08   0.005  0.0096
150521120613  130  382     5      0.74943            0   0.00047176       13.413        7.182       28.582       8.4746 1.7e-08   0.005  0.0096
150521120613  130  382     5      0.74953            0   0.00045206       13.421       7.1873       28.585       8.4619 1.6e-08   0.005  0.0096
150521120613  130  382     5      0.74959            0   0.00052651        13.43       7.1924       28.587       8.4493 2.1e-08   0.005  0.0096
150521120613  130  382     5      0.74958            0   0.00062561       13.432       7.1932       28.587       8.4466 2.3e-08   0.005  0.0096
150521120613  130  382     5      0.74967            0   0.00066391       13.441       7.1992        28.59       8.4321 2.5e-08   0.005  0.0096
150521120613  130  382     5      0.74967            0   0.00076372       13.444       7.2005        28.59       8.4284 2.8e-08   0.005  0.0096
150521120613  130  382     5      0.74962            0   0.00085042       13.442        7.199        28.59       8.4314   3e-08   0.005  0.0096
150521120613  130  382     5      0.74955            0   0.00092271       13.437       7.1963       28.588       8.4377 3.3e-08   0.005  0.0096
150521120613  130  382     5      0.74946            0   0.00087767       13.428       7.1904       28.585       8.4522 3.2e-08   0.005  0.0096
150521120613  130  382     5       0.7494            0   0.00079808        13.42       7.1856       28.583       8.4642   3e-08   0.005  0.0096
150521120613  130  382     5       0.7494            0   0.00069832       13.417       7.1843       28.583       8.4678 2.5e-08   0.005  0.0096
150521120613  130  382     5      0.74949            0   0.00064557       13.424       7.1883       28.585       8.4584 2.2e-08   0.005  0.0096
150521120613  130  382     5      0.74957            0   0.00069762       13.433       7.1941       28.587       8.4441 2.7e-08   0.005  0.0096
150521120613  130  382     5      0.74958            0   0.00079755       13.436        7.196       28.588       8.4391 2.9e-08   0.005  0.0096
150521120613  130  382     5      0.74953            0   0.00088252       13.434       7.1944       28.587       8.4426 3.1e-08   0.005  0.0096
150521120613  130  382     5       0.7496            0   0.00094873       13.443       7.1998        28.59       8.4291 3.6e-08   0.005  0.0097
150521120613  130  382     5      0.74958            0    0.0010461       13.444       7.2001        28.59       8.4279 3.8e-08   0.005  0.0097
150521120613  130  382     5      0.74953            0    0.0011357       13.442        7.199       28.589         8.43 4.1e-08   0.005  0.0097
150521120613  130  382     5      0.74948            0     0.001217       13.439        7.197       28.588       8.4344 4.3e-08   0.005  0.0097
150521120613  130  382     5      0.74938            0    0.0012514       13.432       7.1922       28.586        8.446 4.5e-08   0.005  0.0096
150521120613  130  382     5      0.74933            0     0.001336       13.429       7.1905       28.585       8.4495 4.7e-08   0.005  0.0096
150521120613  130  382     5      0.74938            0      0.00142       13.437        7.195       28.587       8.4382 5.3e-08   0.005  0.0097
150521120613  130  382     5      0.74936            0    0.0015167       13.437       7.1951       28.587       8.4374 5.4e-08   0.005  0.0097
150521120613  130  382     5      0.74926            0    0.0015182       13.428       7.1894       28.584       8.4512 5.4e-08   0.005  0.0096
150521120613  130  382     5      0.74917            0    0.0015678       13.421       7.1852       28.582       8.4611 5.6e-08   0.005  0.0096
150521120613  130  382     5      0.74915            0    0.0016648       13.422       7.1854       28.582         8.46   6e-08   0.005  0.0096
150521120613  130  382     5      0.74922            0     0.001733       13.431       7.1908       28.584       8.4468 6.4e-08   0.005  0.0097
150521120613  130  382     5      0.74921            0    0.0018327       13.433        7.192       28.585       8.4434 6.6e-08   0.005  0.0097
150521120613  130  382     5      0.74931            0    0.0018551       13.443       7.1979       28.587       8.4288 6.8e-08   0.005  0.0097
150521120613  130  382     5      0.74929            0     0.001954       13.444       7.1988       28.588       8.4263 7.1e-08   0.005  0.0097
150521120613  130  382     5      0.74926            0    0.0020485       13.444       7.1984       28.587       8.4266 7.4e-08   0.005  0.0097
150521120613  130  382     5      0.74923            0    0.0021425       13.444        7.198       28.587       8.4271 7.7e-08   0.005  0.0097
150521120613  130  382     5      0.74919            0    0.0022353       13.443       7.1974       28.587       8.4281   8e-08   0.005  0.0097
150521120613  130  382     5      0.74914            0    0.0023249       13.441       7.1963       28.586       8.4302 8.3e-08   0.005  0.0097
150521120613  130  382     5      0.74908            0    0.0024046       13.438       7.1942       28.585       8.4351 8.6e-08   0.005  0.0097
150521120613  130  382     5      0.74899            0    0.0024271        13.43       7.1889       28.582       8.4476 8.7e-08   0.005  0.0097
150521120613  130  382     5      0.74892            0    0.0024986       13.425       7.1861       28.581       8.4541 8.9e-08   0.005  0.0097
150521120613  130  382     5      0.74894            0    0.0025968        13.43       7.1888       28.582        8.447 9.4e-08   0.005  0.0097
150521120613  130  382     5      0.74889            0    0.0026845       13.428       7.1875       28.581       8.4497 9.6e-08   0.005  0.0097
150521120613  130  382     5      0.74895            0    0.0027637       13.436       7.1924       28.583       8.4376   1e-07   0.005  0.0097
150521120613  130  382     5      0.74893            0    0.0028613       13.437       7.1928       28.583       8.4361   1e-07   0.005  0.0097
150521120613  130  382     5      0.74883            0     0.002878       13.428       7.1873       28.581       8.4491   1e-07   0.005  0.0097
150521120613  130  382     5      0.74875            0    0.0029439       13.423       7.1841       28.579       8.4566   1e-07   0.005  0.0097
150521120613  130  382     5      0.74876            0    0.0030438       13.427       7.1861        28.58       8.4512 1.1e-07   0.005  0.0097
150521120613  130  382     5       0.7487            0    0.0031259       13.424       7.1842       28.579       8.4555 1.1e-07   0.005  0.0097
150521120613  130  382     5      0.74874            0    0.0032174        13.43        7.188       28.581       8.4457 1.2e-07   0.005  0.0097
150521120613  130  382     5      0.74871            0    0.0033113        13.43       7.1876        28.58       8.4462 1.2e-07   0.005  0.0097
150521120613  130  382     5      0.74879            0    0.0033693       13.439       7.1933       28.583       8.4322 1.2e-07   0.005  0.0097
150521120613  130  382     5      0.74878            0    0.0034684       13.441       7.1941       28.583       8.4296 1.2e-07   0.005  0.0097
150521120613  130  382     5      0.74872            0    0.0035484       13.438        7.192       28.582       8.4343 1.3e-07   0.005  0.0097
150521120613  130  382     5      0.74862            0    0.0035859        13.43       7.1873        28.58       8.4456 1.3e-07   0.005  0.0097
150521120613  130  382     5      0.74858            0    0.0036736       13.428        7.186       28.579       8.4483 1.3e-07   0.005  0.0097
150521120613  130  382     5      0.74864            0    0.0037506       13.437       7.1909       28.581       8.4359 1.4e-07   0.005  0.0097
150521120613  130  382     5      0.74862            0    0.0038484       13.438       7.1914       28.581       8.4343 1.4e-07   0.005  0.0097
150521120613  130  382     5      0.74853            0    0.0038853        13.43       7.1866       28.579       8.4456 1.4e-07   0.005  0.0097
150521120613  130  382     5      0.74848            0    0.0039724       13.428       7.1852       28.578       8.4485 1.4e-07   0.005  0.0097
150521120613  130  382     5      0.74854            0    0.0040509       13.436       7.1901        28.58       8.4363 1.5e-07   0.005  0.0097
150521120613  130  382     5      0.74852            0    0.0041485       13.437       7.1905        28.58       8.4348 1.5e-07   0.005  0.0097
150521120613  130  382     5      0.74842            0    0.0041789       13.429       7.1855       28.578       8.4468 1.5e-07   0.005  0.0097
150521120613  130  382     5      0.74836            0    0.0042594       13.426       7.1834       28.577       8.4514 1.5e-07   0.005  0.0097
150521120613  130  382     5      0.74841            0    0.0043502       13.433       7.1873       28.579       8.4414 1.6e-07   0.005  0.0097
150521120613  130  382     5      0.74837            0    0.0044446       13.432        7.187       28.578       8.4417 1.6e-07   0.005  0.0097
150521120613  130  382     5      0.74846            0    0.0044833       13.442        7.193       28.581       8.4271 1.6e-07   0.005  0.0097
150521120613  130  382     5      0.74844            0      0.00458       13.442       7.1931       28.581       8.4263 1.6e-07   0.005  0.0097
150521120613  130  382     5      0.74841            0    0.0046747       13.442       7.1928       28.581       8.4264 1.7e-07   0.005  0.0097
150521120613  130  382     5      0.74837            0    0.0047691       13.442       7.1925        28.58       8.4267 1.7e-07   0.005  0.0097
150521120613  130  382     5      0.74834            0    0.0048628       13.442        7.192        28.58       8.4274 1.7e-07   0.005  0.0097
150521120613  130  382     5       0.7483            0    0.0049549       13.441       7.1913       28.579       8.4286 1.8e-07   0.005  0.0097
150521120613  130  382     5      0.74825            0    0.0050426       13.439         7.19       28.579       8.4314 1.8e-07   0.005  0.0097
150521120613  130  382     5      0.74818            0    0.0051147       13.434       7.1872       28.577       8.4378 1.8e-07   0.005  0.0097
150521120613  130  382     5      0.74809            0    0.0050695       13.425       7.1813       28.575       8.4523 1.8e-07   0.005  0.0097
150521120613  130  382     5      0.74803            0    0.0049898       13.417       7.1765       28.573       8.4643 1.8e-07   0.005  0.0097
150521120613  130  382     5      0.74804            0      0.00489       13.415       7.1753       28.572       8.4678 1.7e-07   0.005  0.0097
150521120613  130  382     5      0.74813            0    0.0048376       13.421       7.1793       28.574       8.4583 1.7e-07   0.005  0.0097
150521120613  130  382     5      0.74821            0    0.0048902        13.43       7.1851       28.577        8.444 1.8e-07   0.005  0.0097
150521120613  130  382     5      0.74821            0    0.0049901       13.434       7.1869       28.577        8.439 1.8e-07   0.005  0.0097
150521120613  130  382     5      0.74816            0     0.005075       13.431       7.1853       28.577       8.4425 1.8e-07   0.005  0.0097
150521120613  130  382     5      0.74824            0    0.0051412        13.44       7.1907       28.579       8.4291 1.9e-07   0.005  0.0097
150521120613  130  382     5      0.74821            0    0.0052385       13.441        7.191       28.579       8.4279 1.9e-07   0.005  0.0097
150521120613  130  382     5      0.74817            0    0.0053283       13.439         7.19       28.578       8.4299 1.9e-07   0.005  0.0097
150521120613  130  382     5      0.74811            0      0.00541       13.437        7.188       28.577       8.4343 1.9e-07   0.005  0.0097
150521120613  130  382     5      0.74802            0    0.0054478       13.429       7.1833       28.575       8.4455 1.9e-07   0.005  0.0097
150521120613  130  382     5      0.74797            0    0.0055359       13.427        7.182       28.574        8.448   2e-07   0.005  0.0097
150521120613  130  382     5      0.74804            0    0.0056118       13.436        7.187       28.576       8.4355   2e-07   0.005  0.0097
150521120613  130  382     5      0.74802            0    0.0057097       13.437       7.1875       28.577       8.4338 2.1e-07   0.005  0.0097
150521120613  130  382     5      0.74793            0    0.0057518       13.429        7.183       28.574       8.4446 2.1e-07   0.005  0.0097
150521120613  130  382     5      0.74789            0    0.0058441       13.429       7.1823       28.574       8.4458 2.1e-07   0.005  0.0097
150521120613  130  382     5      0.74797            0    0.0059056       13.438       7.1879       28.576        8.432 2.1e-07   0.005  0.0097
150521120613  130  382     5      0.74795            0    0.0060043       13.439       7.1886       28.577       8.4297 2.2e-07   0.005  0.0097
150521120613  130  382     5      0.74789            0    0.0060841       13.436       7.1864       28.575       8.4345 2.2e-07   0.005  0.0097
150521120613  130  382     5       0.7478            0    0.0061189       13.428       7.1816       28.573        8.446 2.2e-07   0.005  0.0097
150521120613  130  382     5      0.74774            0    0.0062039       13.426         7.18       28.572       8.4495 2.2e-07   0.005  0.0097
150521120613  130  382     5       0.7478            0    0.0062871       13.434       7.1846       28.574       8.4379 2.3e-07   0.005  0.0097
150521120613  130  382     5      0.74777            0    0.0063839       13.434       7.1847       28.574        8.437 2.3e-07   0.005  0.0097
150521120613  130  382     5      0.74767            0      0.00639       13.425       7.1791       28.572       8.4507 2.3e-07   0.005  0.0097
150521120613  130  382     5      0.74759            0    0.0064446       13.419       7.1752        28.57       8.4599 2.3e-07   0.005  0.0097
150521120613  130  382     5      0.74757            0    0.0065433        13.42       7.1759        28.57       8.4576 2.3e-07   0.005  0.0097
150521120613  130  382     5      0.74766            0    0.0066019       13.429       7.1815       28.572       8.4436 2.4e-07   0.005  0.0097
150521120613  130  382     5      0.74765            0    0.0067019       13.432       7.1831       28.573       8.4393 2.4e-07   0.005  0.0097
150521120613  130  382     5      0.74755            0    0.0067051       13.423       7.1774        28.57       8.4532 2.4e-07   0.005  0.0097
150521120613  130  382     5      0.74747            0    0.0067593       13.417       7.1734       28.568       8.4624 2.4e-07   0.005  0.0097
150521120613  130  382     5      0.74745            0    0.0068578       13.418       7.1741       28.568       8.4603 2.4e-07   0.005  0.0097
150521120613  130  382     5      0.74753            0    0.0069198       13.427       7.1796       28.571       8.4465 2.5e-07   0.005  0.0097
150521120613  130  382     5      0.74753            0    0.0070198        13.43       7.1811       28.571       8.4424 2.5e-07   0.005  0.0097
150521120613  130  382     5      0.74763            0    0.0070329        13.44       7.1871       28.574       8.4279 2.5e-07   0.005  0.0097
150521120613  130  382     5      0.74765            0    0.0069347       13.439       7.1865       28.574       8.4298 2.5e-07   0.005  0.0097
150521120613  130  382     5      0.74765            0    0.0068347       13.436        7.185       28.574       8.4339 2.5e-07   0.005  0.0097
150521120613  130  382     5       0.7476            0    0.0067468       13.429       7.1808       28.572       8.4446 2.4e-07   0.005  0.0097
150521120613  130  382     5      0.74763            0    0.0066501       13.428       7.1807       28.572       8.4454 2.4e-07   0.005  0.0097
150521120613  130  382     5      0.74773            0    0.0066516       13.438       7.1865       28.575       8.4313 2.4e-07   0.005  0.0097
150521120613  130  382     5      0.74773            0    0.0067515       13.441       7.1883       28.575       8.4264 2.4e-07   0.005  0.0097
150521120613  130  382     5       0.7477            0    0.0068463       13.441        7.188       28.575       8.4265 2.5e-07   0.005  0.0098
150521120615  130  382     5         0.74            0            0       12.553       6.6507       28.336        9.757 1.1e-07  0.0045  0.0082
150521120615  130  382     5      0.73993            0   7.1245e-05       12.555       6.6529       28.335       9.7546 1.5e-09  0.0045  0.0089
150521120615  130  382     5      0.73986            0   0.00014249       12.551       6.6502       28.333       9.7606 3.6e-09  0.0045  0.0089
150521120615  130  382     5      0.73981            0   0.00023062       12.549       6.6491       28.333        9.763 6.3e-09  0.0045  0.0089
150521120615  130  382     5      0.73973            0   0.00028835       12.544       6.6456       28.331        9.771 7.8e-09  0.0045  0.0089
150521120615  130  382     5      0.73974            0    0.0003878       12.547       6.6476       28.332       9.7656 1.2e-08  0.0045  0.0089
150521120615  130  382     5      0.73969            0   0.00047618       12.546       6.6465       28.331        9.768 1.3e-08  0.0045  0.0089
150521120615  130  382     5       0.7396            0    0.0004522       12.537        6.641       28.329       9.7813 1.3e-08  0.0045  0.0089
150521120615  130  382     5      0.73952            0   0.00039143       12.528        6.636       28.326       9.7938 1.2e-08  0.0045  0.0089
150521120615  130  382     5      0.73949            0   0.00029514       12.524       6.6331       28.325       9.8011   9e-09  0.0045  0.0089
150521120615  130  382     5      0.73954            0   0.00021074       12.526       6.6347       28.326       9.7977 5.5e-09  0.0045  0.0089
150521120615  130  382     5      0.73964            0   0.00021098       12.534       6.6399       28.328       9.7851 6.3e-09  0.0045  0.0089
150521120615  130  382     5       0.7397            0   0.00029724       12.541       6.6439        28.33       9.7751 9.7e-09  0.0045  0.0089
150521120615  130  382     5      0.73967            0   0.00039352       12.541       6.6439        28.33       9.7747 1.1e-08  0.0045  0.0089
150521120615  130  382     5      0.73976            0   0.00044228        12.55       6.6492       28.333       9.7616 1.4e-08  0.0045  0.0089
150521120615  130  382     5      0.73974            0   0.00054156       12.552         6.65       28.333       9.7591 1.6e-08  0.0045  0.0089
150521120615  130  382     5      0.73969            0   0.00062851        12.55       6.6487       28.332       9.7618 1.8e-08  0.0045  0.0089
150521120615  130  382     5      0.73962            0    0.0007007       12.546       6.6462       28.331       9.7677   2e-08  0.0045  0.0089
150521120615  130  382     5      0.73954            0   0.00065283       12.537       6.6408       28.328       9.7808 1.9e-08  0.0045  0.0089
150521120615  130  382     5      0.73948            0   0.00057063        12.53       6.6366       28.326       9.7913 1.7e-08  0.0045  0.0089
150521120615  130  382     5      0.73949            0   0.00047148       12.528       6.6359       28.326       9.7937 1.4e-08  0.0045  0.0089
150521120615  130  382     5      0.73958            0   0.00042602       12.535       6.6399       28.328       9.7843 1.2e-08  0.0045  0.0089
150521120615  130  382     5      0.73966            0    0.0004862       12.543       6.6449        28.33       9.7717 1.5e-08  0.0045  0.0089
150521120615  130  382     5      0.73966            0   0.00058614       12.546       6.6462       28.331       9.7681 1.7e-08  0.0045  0.0089
150521120615  130  382     5      0.73956            0   0.00059458       12.537       6.6411       28.329       9.7804 1.7e-08  0.0045  0.0089
150521120615  130  382     5      0.73948            0   0.00065344       12.532       6.6378       28.327       9.7882 1.8e-08  0.0045  0.0089
150521120615  130  382     5      0.73947            0   0.00075304       12.534       6.6388       28.327       9.7853 2.2e-08  0.0045  0.0089
150521120615  130  382     5      0.73955            0   0.00080499       12.543        6.644        28.33       9.7724 2.4e-08  0.0045  0.0089
150521120615  130  382     5      0.73956            0   0.00090494       12.546       6.6457        28.33       9.7679 2.6e-08  0.0045  0.0089
150521120615  130  382     5      0.73951            0    0.0009903       12.543       6.6442       28.329        9.771 2.8e-08  0.0045  0.0089
150521120615  130  382     5      0.73959            0    0.0010506       12.552       6.6493       28.332       9.7585 3.2e-08  0.0045  0.0089
150521120615  130  382     5      0.73956            0    0.0011474       12.552       6.6494       28.332       9.7577 3.3e-08  0.0045  0.0089
150521120615  130  382     5      0.73952            0    0.0012408       12.552       6.6489       28.331       9.7584 3.5e-08  0.0045  0.0089
150521120615  130  382     5      0.73948            0    0.0013321       12.551       6.6481       28.331       9.7599 3.8e-08  0.0045  0.0089
150521120615  130  382     5      0.73943            0     0.001417       12.548       6.6466        28.33       9.7631   4e-08  0.0045  0.0089
150521120615  130  382     5      0.73935            0    0.0014745       12.543       6.6432       28.328       9.7712 4.2e-08  0.0045  0.0089
150521120615  130  382     5      0.73936            0    0.0015741       12.546       6.6451       28.329        9.766 4.6e-08  0.0045  0.0089
150521120615  130  382     5      0.73931            0    0.0016618       12.545       6.6439       28.328       9.7686 4.7e-08  0.0045  0.0089
150521120615  130  382     5      0.73922            0     0.001629       12.536       6.6384       28.326       9.7819 4.7e-08  0.0045  0.0089
150521120615  130  382     5      0.73914            0    0.0015591       12.528       6.6336       28.324       9.7938 4.5e-08  0.0045  0.0089
150521120615  130  382     5      0.73913            0    0.0014597       12.524       6.6316       28.323       9.7993 4.2e-08  0.0045  0.0089
150521120615  130  382     5       0.7392            0    0.0013878       12.528       6.6341       28.324       9.7934 3.9e-08  0.0045  0.0089
150521120615  130  382     5       0.7393            0    0.0014118       12.537       6.6396       28.327       9.7802 4.1e-08  0.0045  0.0089
150521120615  130  382     5      0.73933            0    0.0015072       12.542       6.6426       28.328       9.7724 4.4e-08  0.0045  0.0089
150521120615  130  382     5      0.73929            0    0.0015986       12.541       6.6418       28.327       9.7739 4.6e-08  0.0045  0.0089
150521120615  130  382     5      0.73937            0    0.0016587        12.55       6.6469        28.33       9.7613 4.9e-08  0.0045  0.0089
150521120615  130  382     5      0.73935            0    0.0017573       12.551       6.6475        28.33       9.7594 5.1e-08  0.0045  0.0089
150521120615  130  382     5       0.7393            0    0.0018427       12.549        6.646       28.329       9.7625 5.3e-08  0.0045  0.0089
150521120615  130  382     5      0.73922            0    0.0019081       12.544        6.643       28.328       9.7695 5.4e-08  0.0045  0.0089
150521120615  130  382     5      0.73927            0    0.0019949        12.55       6.6469       28.329       9.7596 5.9e-08  0.0045  0.0089
150521120615  130  382     5      0.73924            0    0.0020905        12.55       6.6468       28.329       9.7595   6e-08  0.0045  0.0089
150521120615  130  382     5      0.73919            0    0.0021763       12.548       6.6453       28.328       9.7625 6.2e-08  0.0045  0.0089
150521120615  130  382     5      0.73912            0    0.0022414       12.544       6.6423       28.327       9.7695 6.4e-08  0.0045  0.0089
150521120615  130  382     5      0.73916            0    0.0023292        12.55       6.6461       28.329       9.7599 6.8e-08  0.0045  0.0089
150521120615  130  382     5      0.73913            0    0.0024246        12.55        6.646       28.328       9.7598   7e-08  0.0045  0.0089
150521120615  130  382     5      0.73908            0    0.0025088       12.548       6.6444       28.327       9.7632 7.2e-08  0.0045  0.0089
150521120615  130  382     5        0.739            0    0.0025656       12.542       6.6409       28.326       9.7714 7.3e-08  0.0045  0.0089
150521120615  130  382     5        0.739            0    0.0026655       12.545       6.6427       28.326       9.7666 7.7e-08  0.0045  0.0089
150521120615  130  382     5      0.73895            0    0.0027522       12.543       6.6414       28.326       9.7694 7.9e-08  0.0045  0.0089
150521120615  130  382     5      0.73886            0    0.0027089       12.535        6.636       28.323       9.7826 7.8e-08  0.0045  0.0089
150521120615  130  382     5       0.7388            0    0.0026289       12.527       6.6316       28.321       9.7934 7.6e-08  0.0045  0.0089
150521120615  130  382     5      0.73881            0    0.0025292       12.525       6.6306       28.321       9.7964 7.2e-08  0.0045  0.0089
150521120615  130  382     5       0.7389            0    0.0024776       12.531       6.6344       28.323       9.7876   7e-08  0.0045  0.0089
150521120615  130  382     5      0.73898            0    0.0025297        12.54       6.6396       28.325       9.7747 7.4e-08  0.0045  0.0089
150521120615  130  382     5      0.73899            0    0.0026295       12.543       6.6414       28.326         9.77 7.6e-08  0.0045  0.0089
150521120615  130  382     5      0.73894            0    0.0027144       12.541       6.6398       28.325       9.7732 7.7e-08  0.0045  0.0089
150521120615  130  382     5      0.73901            0    0.0027866       12.549       6.6445       28.327       9.7615 8.2e-08  0.0045  0.0089
150521120615  130  382     5      0.73898            0    0.0028842        12.55       6.6449       28.327       9.7602 8.3e-08  0.0045  0.0089
150521120615  130  382     5      0.73892            0    0.0029646       12.547       6.6429       28.326       9.7645 8.5e-08  0.0045  0.0089
150521120615  130  382     5      0.73883            0    0.0030006        12.54       6.6386       28.324       9.7749 8.6e-08  0.0045  0.0089
150521120615  130  382     5      0.73878            0    0.0030866       12.537       6.6372       28.323       9.7779 8.8e-08  0.0045  0.0089
150521120615  130  382     5      0.73884            0    0.0031679       12.545       6.6414       28.325       9.7672 9.2e-08  0.0045  0.0089
150521120615  130  382     5      0.73882            0    0.0032652       12.545       6.6416       28.325       9.7662 9.4e-08  0.0045  0.0089
150521120615  130  382     5      0.73872            0    0.0032802       12.537       6.6367       28.323       9.7782 9.4e-08  0.0045  0.0089
150521120615  130  382     5      0.73864            0    0.0033441       12.532       6.6336       28.321       9.7853 9.5e-08  0.0045  0.0089
150521120615  130  382     5      0.73864            0    0.0034441       12.535       6.6351       28.322       9.7811 9.9e-08  0.0045  0.0089
150521120615  130  382     5      0.73858            0    0.0035241       12.532       6.6332       28.321       9.7854   1e-07  0.0045  0.0089
150521120615  130  382     5      0.73861            0    0.0036182       12.538       6.6364       28.322       9.7773   1e-07  0.0045  0.0089
150521120615  130  382     5      0.73858            0    0.0037104       12.537       6.6357       28.322       9.7784 1.1e-07  0.0045  0.0089
150521120615  130  382     5      0.73865            0    0.0037807       12.545       6.6405       28.324       9.7665 1.1e-07  0.0045  0.0089
150521120615  130  382     5      0.73863            0    0.0038796       12.546       6.6411       28.324       9.7644 1.1e-07  0.0045  0.0089
150521120615  130  382     5      0.73854            0    0.0039178       12.539       6.6368       28.322       9.7746 1.1e-07  0.0045  0.0089
150521120615  130  382     5      0.73849            0     0.004006       12.537       6.6357       28.321        9.777 1.1e-07  0.0045  0.0089
150521120615  130  382     5      0.73856            0    0.0040818       12.545       6.6402       28.323       9.7656 1.2e-07  0.0045  0.0089
150521120615  130  382     5      0.73854            0    0.0041799       12.546       6.6407       28.323       9.7641 1.2e-07  0.0045  0.0089
150521120615  130  382     5      0.73845            0    0.0042209       12.539       6.6365       28.321       9.7741 1.2e-07  0.0045  0.0089
150521120615  130  382     5      0.73841            0    0.0043119       12.538       6.6356       28.321       9.7756 1.2e-07  0.0045  0.0089
150521120615  130  382     5      0.73848            0    0.0043788       12.546       6.6405       28.323       9.7634 1.3e-07  0.0045  0.0089
150521120615  130  382     5      0.73846            0    0.0044775       12.548       6.6412       28.323       9.7615 1.3e-07  0.0045  0.0089
150521120615  130  382     5      0.73839            0    0.0045472       12.543       6.6384       28.322       9.7678 1.3e-07  0.0045  0.0089
150521120615  130  382     5      0.73831            0    0.0044927       12.535       6.6332       28.319       9.7807 1.3e-07  0.0045  0.0089
150521120615  130  382     5      0.73826            0     0.004405       12.528       6.6294       28.318       9.7903 1.3e-07  0.0045  0.0089
150521120615  130  382     5      0.73829            0    0.0043087       12.528       6.6294       28.318       9.7908 1.2e-07  0.0045  0.0089
150521120615  130  382     5      0.73838            0    0.0042811       12.535        6.634        28.32       9.7797 1.2e-07  0.0045  0.0089
150521120615  130  382     5      0.73845            0    0.0043573       12.543       6.6385       28.322       9.7684 1.3e-07  0.0045  0.0089
150521120615  130  382     5      0.73843            0    0.0044556       12.544        6.639       28.322       9.7667 1.3e-07  0.0045  0.0089
150521120615  130  382     5      0.73833            0    0.0044671       12.536        6.634        28.32       9.7789 1.3e-07  0.0045  0.0089
150521120615  130  382     5      0.73825            0    0.0045277       12.531       6.6307       28.318       9.7865 1.3e-07  0.0045  0.0089
150521120615  130  382     5      0.73825            0    0.0046276       12.533       6.6319       28.319       9.7831 1.3e-07  0.0045  0.0089
150521120615  130  382     5      0.73833            0    0.0046733       12.542       6.6372       28.321         9.77 1.4e-07  0.0045  0.0089
150521120615  130  382     5      0.73834            0    0.0047731       12.545        6.639       28.322       9.7652 1.4e-07  0.0045  0.0089
150521120615  130  382     5      0.73829            0    0.0048605       12.543       6.6377       28.321       9.7679 1.4e-07  0.0045  0.0089
150521120615  130  382     5      0.73819            0    0.0048363       12.534       6.6323       28.319       9.7812 1.4e-07  0.0045  0.0089
150521120615  130  382     5      0.73811            0    0.0047755       12.526       6.6272       28.316       9.7938 1.4e-07  0.0045  0.0089
150521120615  130  382     5      0.73809            0    0.0046792       12.521       6.6244       28.315       9.8011 1.3e-07  0.0045  0.0089
150521120615  130  382     5      0.73814            0    0.0045949       12.523       6.6259       28.316       9.7977 1.3e-07  0.0045  0.0089
150521120615  130  382     5      0.73824            0    0.0045953       12.532       6.6312       28.318        9.785 1.3e-07  0.0045  0.0089
150521120615  130  382     5      0.73829            0    0.0046816       12.538       6.6351        28.32        9.775 1.4e-07  0.0045  0.0089
150521120615  130  382     5      0.73826            0    0.0047779       12.539       6.6351        28.32       9.7746 1.4e-07  0.0045  0.0089
150521120615  130  382     5      0.73835            0    0.0048264       12.547       6.6404       28.322       9.7615 1.4e-07  0.0045  0.0089
150521120615  130  382     5      0.73834            0    0.0049257       12.549       6.6413       28.323        9.759 1.4e-07  0.0045  0.0089
150521120615  130  382     5      0.73829            0    0.0050131       12.547         6.64       28.322       9.7616 1.4e-07  0.0045  0.0089
150521120615  130  382     5      0.73822            0     0.005087       12.543       6.6376       28.321       9.7672 1.5e-07  0.0045  0.0089
150521120615  130  382     5      0.73813            0    0.0050543       12.534       6.6321       28.318       9.7805 1.4e-07  0.0045  0.0089
150521120615  130  382     5      0.73806            0    0.0049864       12.526       6.6273       28.316       9.7926 1.4e-07  0.0045  0.0089
150521120615  130  382     5      0.73804            0    0.0048876       12.522        6.625       28.315       9.7986 1.4e-07  0.0045  0.0089
150521120615  130  382     5      0.73811            0    0.0048123       12.526       6.6273       28.316       9.7933 1.4e-07  0.0045  0.0089
150521120615  130  382     5       0.7382            0    0.0048314       12.535       6.6327       28.319       9.7801 1.4e-07  0.0045  0.0089
150521120615  130  382     5      0.73824            0    0.0049256        12.54       6.6359        28.32        9.772 1.4e-07  0.0045  0.0089
150521120615  130  382     5       0.7382            0     0.005018        12.54       6.6353        28.32       9.7731 1.4e-07  0.0045  0.0089
150521120615  130  382     5      0.73828            0    0.0050723       12.548       6.6405       28.322       9.7602 1.5e-07  0.0045  0.0089
150521120615  130  382     5      0.73826            0    0.0051707       12.549        6.641       28.322       9.7584 1.5e-07  0.0045  0.0089
150521120615  130  382     5      0.73822            0     0.005261       12.548       6.6401       28.322       9.7602 1.5e-07  0.0045  0.0089
150521120615  130  382     5      0.73817            0    0.0053443       12.546       6.6384       28.321       9.7639 1.5e-07  0.0045  0.0089
150521120615  130  382     5      0.73808            0    0.0053913       12.539       6.6345       28.319       9.7732 1.5e-07  0.0045  0.0089
150521120617  130  382     5         0.73            0            0       11.731        6.149       28.095       10.967 1.6e-07   0.004  0.0076
150521120617  130  382     5      0.72993            0   7.5402e-05       11.733        6.151       28.094       10.965 1.2e-09   0.004  0.0082
150521120617  130  382     5      0.72987            0    0.0001508       11.729       6.1488       28.092        10.97 3.1e-09   0.004  0.0082
150521120617  130  382     5      0.72982            0   0.00023961       11.728       6.1478       28.092       10.972 5.3e-09   0.004  0.0082
150521120617  130  382     5      0.72975            0   0.00030503       11.724       6.1451        28.09       10.978 6.7e-09   0.004  0.0082
150521120617  130  382     5       0.7298            0   0.00039143        11.73       6.1486       28.092       10.969   1e-08   0.004  0.0082
150521120617  130  382     5      0.72977            0   0.00048709        11.73       6.1485       28.092       10.969 1.1e-08   0.004  0.0082
150521120617  130  382     5      0.72972            0   0.00057392       11.728       6.1473       28.091       10.972 1.3e-08   0.004  0.0082
150521120617  130  382     5      0.72965            0   0.00064291       11.724       6.1447        28.09       10.977 1.5e-08   0.004  0.0082
150521120617  130  382     5      0.72958            0   0.00057149       11.717       6.1404       28.088       10.988 1.4e-08   0.004  0.0082
150521120617  130  382     5      0.72956            0   0.00047309       11.713       6.1383       28.087       10.994 1.1e-08   0.004  0.0082
150521120617  130  382     5      0.72963            0   0.00039928       11.716       6.1405       28.088       10.989 8.7e-09   0.004  0.0082
150521120617  130  382     5      0.72972            0   0.00043435       11.724       6.1455        28.09       10.977 1.1e-08   0.004  0.0082
150521120617  130  382     5      0.72973            0   0.00053399       11.728       6.1472       28.091       10.972 1.3e-08   0.004  0.0082
150521120617  130  382     5      0.72968            0   0.00062391       11.726       6.1463       28.091       10.974 1.4e-08   0.004  0.0082
150521120617  130  382     5      0.72959            0   0.00065707        11.72       6.1422       28.089       10.983 1.5e-08   0.004  0.0082
150521120617  130  382     5      0.72953            0   0.00073983       11.717       6.1406       28.088       10.987 1.7e-08   0.004  0.0082
150521120617  130  382     5      0.72958            0   0.00082735       11.723       6.1441       28.089       10.978   2e-08   0.004  0.0082
150521120617  130  382     5      0.72955            0   0.00092314       11.723        6.144       28.089       10.978 2.1e-08   0.004  0.0082
150521120617  130  382     5      0.72946            0   0.00090358       11.715       6.1391       28.087        10.99 2.1e-08   0.004  0.0082
150521120617  130  382     5      0.72937            0   0.00084532       11.707       6.1344       28.085       11.001   2e-08   0.004  0.0082
150521120617  130  382     5      0.72934            0   0.00074997       11.703       6.1317       28.083       11.008 1.8e-08   0.004  0.0082
150521120617  130  382     5      0.72939            0   0.00066338       11.704        6.133       28.084       11.006 1.5e-08   0.004  0.0082
150521120617  130  382     5      0.72949            0   0.00065794       11.712       6.1376       28.086       10.994 1.5e-08   0.004  0.0082
150521120617  130  382     5      0.72955            0   0.00074079       11.719       6.1414       28.088       10.985 1.8e-08   0.004  0.0082
150521120617  130  382     5      0.72953            0    0.0008382       11.719       6.1416       28.088       10.984 1.9e-08   0.004  0.0082
150521120617  130  382     5      0.72961            0   0.00088635       11.727       6.1464        28.09       10.972 2.2e-08   0.004  0.0082
150521120617  130  382     5      0.72961            0   0.00098601       11.729       6.1474       28.091        10.97 2.3e-08   0.004  0.0082
150521120617  130  382     5      0.72955            0    0.0010683       11.727       6.1457        28.09       10.973 2.5e-08   0.004  0.0082
150521120617  130  382     5      0.72946            0    0.0011179       11.721       6.1422       28.088       10.981 2.6e-08   0.004  0.0082
150521120617  130  382     5      0.72944            0    0.0012157       11.722       6.1426       28.088        10.98 2.8e-08   0.004  0.0082
150521120617  130  382     5      0.72954            0    0.0012441        11.73       6.1475        28.09       10.968   3e-08   0.004  0.0082
150521120617  130  382     5      0.72952            0    0.0013417       11.731       6.1478        28.09       10.967 3.1e-08   0.004  0.0082
150521120617  130  382     5      0.72949            0    0.0014368        11.73       6.1475        28.09       10.967 3.3e-08   0.004  0.0082
150521120617  130  382     5      0.72945            0    0.0015317        11.73       6.1473        28.09       10.967 3.6e-08   0.004  0.0082
150521120617  130  382     5      0.72942            0    0.0016262        11.73        6.147        28.09       10.968 3.8e-08   0.004  0.0082
150521120617  130  382     5      0.72939            0    0.0017197       11.729       6.1465       28.089       10.968   4e-08   0.004  0.0082
150521120617  130  382     5      0.72934            0    0.0018108       11.728       6.1458       28.089        10.97 4.2e-08   0.004  0.0082
150521120617  130  382     5      0.72929            0     0.001895       11.726       6.1443       28.088       10.973 4.4e-08   0.004  0.0082
150521120617  130  382     5      0.72921            0    0.0019475       11.721       6.1409       28.086       10.981 4.5e-08   0.004  0.0082
150521120617  130  382     5      0.72919            0    0.0020468       11.722       6.1417       28.087       10.978 4.8e-08   0.004  0.0082
150521120617  130  382     5      0.72909            0    0.0020374       11.714       6.1368       28.084        10.99 4.8e-08   0.004  0.0082
150521120617  130  382     5      0.72901            0    0.0019883       11.706        6.132       28.082       11.002 4.7e-08   0.004  0.0082
150521120617  130  382     5      0.72896            0    0.0018976       11.701       6.1288       28.081        11.01 4.5e-08   0.004  0.0082
150521120617  130  382     5        0.729            0     0.001804       11.701       6.1292       28.081        11.01 4.2e-08   0.004  0.0082
150521120617  130  382     5       0.7291            0    0.0017787       11.708       6.1335       28.083       10.999 4.1e-08   0.004  0.0082
150521120617  130  382     5      0.72917            0    0.0018481       11.715       6.1379       28.085       10.989 4.4e-08   0.004  0.0082
150521120617  130  382     5      0.72916            0    0.0019479       11.717       6.1388       28.085       10.986 4.6e-08   0.004  0.0082
150521120617  130  382     5      0.72925            0    0.0019859       11.726       6.1437       28.088       10.974 4.7e-08   0.004  0.0082
150521120617  130  382     5      0.72925            0    0.0020859       11.728       6.1451       28.088        10.97 4.9e-08   0.004  0.0082
150521120617  130  382     5      0.72921            0    0.0021767       11.727       6.1443       28.088       10.972 5.1e-08   0.004  0.0082
150521120617  130  382     5      0.72914            0    0.0022437       11.723       6.1416       28.086       10.978 5.2e-08   0.004  0.0082
150521120617  130  382     5       0.7292            0    0.0023228       11.729       6.1456       28.088       10.968 5.6e-08   0.004  0.0082
150521120617  130  382     5      0.72917            0    0.0024187        11.73       6.1455       28.088       10.968 5.6e-08   0.004  0.0082
150521120617  130  382     5      0.72913            0    0.0025121       11.729        6.145       28.088       10.968 5.8e-08   0.004  0.0082
150521120617  130  382     5      0.72909            0    0.0026033       11.728       6.1443       28.087        10.97 6.1e-08   0.004  0.0082
150521120617  130  382     5      0.72904            0    0.0026876       11.726       6.1428       28.086       10.973 6.2e-08   0.004  0.0082
150521120617  130  382     5      0.72896            0    0.0027405        11.72       6.1395       28.085       10.981 6.3e-08   0.004  0.0082
150521120617  130  382     5      0.72895            0      0.00284       11.722       6.1403       28.085       10.978 6.6e-08   0.004  0.0082
150521120617  130  382     5      0.72885            0    0.0028341       11.714       6.1355       28.083        10.99 6.6e-08   0.004  0.0082
150521120617  130  382     5      0.72876            0     0.002789       11.706       6.1306        28.08       11.002 6.5e-08   0.004  0.0082
150521120617  130  382     5      0.72871            0    0.0027008         11.7       6.1272       28.079        11.01 6.3e-08   0.004  0.0082
150521120617  130  382     5      0.72874            0     0.002605         11.7       6.1273       28.079       11.011   6e-08   0.004  0.0082
150521120617  130  382     5      0.72883            0    0.0025717       11.707       6.1313       28.081       11.001   6e-08   0.004  0.0082
150521120617  130  382     5      0.72891            0    0.0026347       11.714       6.1359       28.083        10.99 6.3e-08   0.004  0.0082
150521120617  130  382     5      0.72891            0    0.0027347       11.717       6.1372       28.084       10.986 6.4e-08   0.004  0.0082
150521120617  130  382     5        0.729            0    0.0027674       11.725       6.1421       28.086       10.974 6.6e-08   0.004  0.0082
150521120617  130  382     5      0.72901            0    0.0028674       11.728       6.1436       28.087        10.97 6.7e-08   0.004  0.0082
150521120617  130  382     5      0.72897            0    0.0029586       11.727       6.1429       28.086       10.971 6.9e-08   0.004  0.0082
150521120617  130  382     5      0.72889            0    0.0030271       11.722       6.1403       28.085       10.977   7e-08   0.004  0.0082
150521120617  130  382     5      0.72882            0    0.0029563       11.715        6.136       28.083       10.988 6.9e-08   0.004  0.0082
150521120617  130  382     5       0.7288            0    0.0028582       11.711       6.1338       28.082       10.994 6.7e-08   0.004  0.0082
150521120617  130  382     5      0.72887            0    0.0027829       11.715       6.1359       28.083       10.989 6.4e-08   0.004  0.0082
150521120617  130  382     5      0.72896            0    0.0028154       11.723       6.1409       28.085       10.977 6.7e-08   0.004  0.0082
150521120617  130  382     5      0.72897            0    0.0029149       11.726       6.1427       28.086       10.972 6.8e-08   0.004  0.0082
150521120617  130  382     5      0.72893            0    0.0030051       11.725       6.1418       28.086       10.974   7e-08   0.004  0.0082
150521120617  130  382     5      0.72884            0    0.0030381       11.718       6.1378       28.084       10.983   7e-08   0.004  0.0082
150521120617  130  382     5      0.72878            0    0.0031206       11.716       6.1362       28.083       10.987 7.2e-08   0.004  0.0082
150521120617  130  382     5      0.72883            0    0.0032085       11.722       6.1396       28.084       10.978 7.6e-08   0.004  0.0082
150521120617  130  382     5       0.7288            0    0.0033041       11.722       6.1395       28.084       10.978 7.7e-08   0.004  0.0082
150521120617  130  382     5       0.7287            0    0.0032829       11.714       6.1345       28.082        10.99 7.7e-08   0.004  0.0082
150521120617  130  382     5      0.72862            0    0.0032228       11.706       6.1299       28.079       11.002 7.5e-08   0.004  0.0082
150521120617  130  382     5      0.72859            0    0.0031266       11.701       6.1273       28.078       11.008 7.3e-08   0.004  0.0082
150521120617  130  382     5      0.72865            0    0.0030419       11.703       6.1288       28.079       11.005   7e-08   0.004  0.0082
150521120617  130  382     5      0.72875            0    0.0030409       11.711       6.1335       28.081       10.994 7.1e-08   0.004  0.0082
150521120617  130  382     5       0.7288            0    0.0031261       11.718       6.1372       28.083       10.984 7.4e-08   0.004  0.0082
150521120617  130  382     5      0.72877            0    0.0032228       11.718       6.1372       28.083       10.984 7.5e-08   0.004  0.0082
150521120617  130  382     5      0.72886            0    0.0032734       11.726        6.142       28.085       10.972 7.8e-08   0.004  0.0083
150521120617  130  382     5      0.72885            0     0.003373       11.728       6.1429       28.086        10.97 7.9e-08   0.004  0.0083
150521120617  130  382     5      0.72879            0    0.0034548       11.725       6.1412       28.085       10.973   8e-08   0.004  0.0083
150521120617  130  382     5      0.72871            0    0.0035015       11.719       6.1376       28.083       10.982 8.1e-08   0.004  0.0083
150521120617  130  382     5      0.72868            0    0.0035972       11.719       6.1375       28.083       10.982 8.4e-08   0.004  0.0083
150521120617  130  382     5      0.72877            0    0.0036418       11.727       6.1424       28.085        10.97 8.6e-08   0.004  0.0083
150521120617  130  382     5      0.72875            0    0.0037405       11.729       6.1429       28.085       10.968 8.7e-08   0.004  0.0083
150521120617  130  382     5      0.72871            0    0.0038327       11.728       6.1423       28.085       10.969 8.9e-08   0.004  0.0083
150521120617  130  382     5      0.72866            0    0.0039209       11.726       6.1412       28.084       10.971 9.1e-08   0.004  0.0083
150521120617  130  382     5       0.7286            0    0.0039941       11.723       6.1389       28.083       10.976 9.3e-08   0.004  0.0083
150521120617  130  382     5       0.7285            0    0.0039536       11.714        6.134       28.081       10.988 9.2e-08   0.004  0.0083
150521120617  130  382     5      0.72844            0     0.003878       11.707       6.1299       28.079       10.999 9.1e-08   0.004  0.0082
150521120617  130  382     5      0.72844            0    0.0037781       11.705       6.1285       28.078       11.002 8.8e-08   0.004  0.0082
150521120617  130  382     5      0.72852            0    0.0037165        11.71       6.1314        28.08       10.996 8.6e-08   0.004  0.0082
150521120617  130  382     5      0.72861            0    0.0037575       11.718       6.1363       28.082       10.984 8.9e-08   0.004  0.0083
150521120617  130  382     5      0.72862            0    0.0038565       11.721       6.1383       28.083       10.978   9e-08   0.004  0.0083
150521120617  130  382     5      0.72857            0    0.0039443        11.72       6.1372       28.082       10.981 9.1e-08   0.004  0.0083
150521120617  130  382     5      0.72865            0    0.0040064       11.727       6.1417       28.084       10.969 9.5e-08   0.004  0.0083
150521120617  130  382     5      0.72863            0    0.0041042       11.728        6.142       28.084       10.968 9.6e-08   0.004  0.0083
150521120617  130  382     5      0.72859            0    0.0041945       11.727       6.1412       28.084        10.97 9.8e-08   0.004  0.0083
150521120617  130  382     5      0.72853            0    0.0042772       11.724       6.1396       28.083       10.973 9.9e-08   0.004  0.0083
150521120617  130  382     5      0.72844            0    0.0043191       11.718       6.1358       28.081       10.982   1e-07   0.004  0.0083
150521120617  130  382     5       0.7284            0    0.0044109       11.717       6.1351       28.081       10.984   1e-07   0.004  0.0083
150521120617  130  382     5      0.72848            0    0.0044755       11.725       6.1396       28.083       10.972 1.1e-07   0.004  0.0083
150521120617  130  382     5      0.72846            0    0.0045744       11.726       6.1402       28.083       10.971 1.1e-07   0.004  0.0083
150521120617  130  382     5      0.72839            0    0.0046478       11.723       6.1379       28.082       10.976 1.1e-07   0.004  0.0083
150521120617  130  382     5       0.7283            0    0.0046249       11.714        6.133       28.079       10.988 1.1e-07   0.004  0.0083
150521120617  130  382     5      0.72822            0     0.004567       11.707       6.1283       28.077       10.999 1.1e-07   0.004  0.0083
150521120617  130  382     5      0.72818            0    0.0044721       11.702       6.1255       28.076       11.006   1e-07   0.004  0.0082
150521120617  130  382     5      0.72823            0    0.0043846       11.703       6.1267       28.076       11.004   1e-07   0.004  0.0082
150521120617  130  382     5      0.72833            0    0.0043782       11.711       6.1314       28.079       10.993   1e-07   0.004  0.0083
150521120617  130  382     5      0.72839            0    0.0044613       11.718       6.1351       28.081       10.983 1.1e-07   0.004  0.0083
150521120617  130  382     5      0.72836            0    0.0045586       11.718       6.1353        28.08       10.982 1.1e-07   0.004  0.0083
150521120617  130  382     5      0.72845            0    0.0046015       11.726       6.1402       28.083       10.971 1.1e-07   0.004  0.0083
150521120617  130  382     5      0.72844            0    0.0047008       11.728       6.1409       28.083       10.968 1.1e-07   0.004  0.0083
150521120617  130  382     5       0.7284            0     0.004791       11.726       6.1401       28.083        10.97 1.1e-07   0.004  0.0083
150521120617  130  382     5      0.72834            0     0.004874       11.724       6.1385       28.082       10.973 1.1e-07   0.004  0.0083
150521120617  130  382     5      0.72825            0    0.0049174       11.718       6.1348        28.08       10.982 1.1e-07   0.004  0.0083
150521154048  130  382     5      0.79806            0            0       18.871       10.681       30.117   -0.0037506 1.4e-15   0.011   0.022
150521154048  130  382     5      0.79797            0   5.1916e-05        18.87        10.68       30.114   -0.0028101   8e-08   0.011   0.023
150521154048  130  382     5      0.79791            0   0.00012467       18.863       10.676       30.112    0.0083869 2.8e-08   0.011   0.023
