150316150050   130   382       5     0.8    0.05       0     19.25      10.8     15.09   -0.6173 1.382e-15   0.03051   0.03122
150316150050   130   382       5  0.7998    0.05       0      19.2     10.83     15.09     -0.53  1.46e-07   0.02941   0.02894
150316150050   130   382       5  0.7996    0.05       0     19.17     10.84     15.09   -0.4768 6.572e-07   0.02838   0.02734
150316150050   130   382       5  0.7994    0.05       0     19.11     10.84     15.08   -0.3849  1.89e-07   0.02759   0.02622
150316150050   130   382       5  0.7992    0.05       0     19.07     10.83     15.08   -0.3156 7.347e-08   0.02688    0.0253
150316150050   130   382       5   0.799    0.05       0     19.03     10.83     15.08   -0.2538 3.431e-08   0.02624   0.02451
150316150050   130   382       5  0.7988    0.05       0     18.99     10.82     15.07    -0.196 1.815e-08   0.02567   0.02384
150316150050   130   382       5  0.7986    0.05       0     18.96     10.81     15.07   -0.1407 1.051e-08   0.02515   0.02325
150316150050   130   382       5  0.7984    0.05       0     18.92      10.8     15.06  -0.08722 6.513e-09   0.02468   0.02272
150316150050   130   382       5  0.7982    0.05       0     18.89     10.79     15.06  -0.03514 4.258e-09   0.02424   0.02224
150316150050   130   382       5   0.798    0.05       0     18.86     10.78     15.06    0.0158 2.906e-09   0.02384   0.02181
150316150050   130   382       5  0.7978    0.05       0     18.83     10.76     15.05    0.0658 2.054e-09   0.02346   0.02142
150316150050   130   382       5  0.7976    0.05       0      18.8     10.75     15.05     0.115 1.496e-09   0.02311   0.02105
150316150050   130   382       5  0.7974    0.05       0     18.77     10.74     15.05    0.1635 1.117e-09   0.02278   0.02072
150316150050   130   382       5  0.7972    0.05       0     18.74     10.72     15.04    0.2114 8.519e-10   0.02247    0.0204
150316150050   130   382       5   0.797    0.05       0     18.71     10.71     15.04    0.2588 6.622e-10   0.02217    0.0201
150316150050   130   382       5  0.7968    0.05       0     18.68     10.69     15.03    0.3056 5.232e-10   0.02189   0.01983
150316150050   130   382       5  0.7966    0.05       0     18.65     10.68     15.03    0.3521 4.195e-10   0.02162   0.01956
150316150050   130   382       5  0.7964    0.05       0     18.62     10.66     15.03    0.3982 3.407e-10   0.02137   0.01931
150316150050   130   382       5  0.7962    0.05       0     18.59     10.65     15.02    0.4439 2.799e-10   0.02112   0.01907
150316150050   130   382       5   0.796    0.05       0     18.56     10.63     15.02    0.4892 2.325e-10   0.02089   0.01885
150316150050   130   382       5  0.7958    0.05       0     18.53     10.62     15.02    0.5343 1.949e-10   0.02066   0.01863
150316150050   130   382       5  0.7956    0.05       0     18.51      10.6     15.01    0.5791 1.648e-10   0.02045   0.01843
150316150050   130   382       5  0.7954    0.05       0     18.48     10.59     15.01    0.6236 1.405e-10   0.02024   0.01823
150316150050   130   382       5  0.7952    0.05       0     18.45     10.57     15.01    0.6679 1.206e-10   0.02003   0.01804
150316150050   130   382       5   0.795    0.05       0     18.42     10.56        15    0.7119 1.042e-10   0.01984   0.01785
150316150050   130   382       5  0.7948    0.05       0      18.4     10.54        15    0.7558 9.067e-11   0.01965   0.01768
150316150050   130   382       5  0.7946    0.05       0     18.37     10.53     14.99    0.7994 7.932e-11   0.01947   0.01751
150316150050   130   382       5  0.7944    0.05       0     18.34     10.51     14.99    0.8428 6.977e-11   0.01929   0.01734
150316150050   130   382       5  0.7942    0.05       0     18.31     10.49     14.99     0.886 6.167e-11   0.01912   0.01718
150316150050   130   382       5   0.794    0.05       0     18.29     10.48     14.98    0.9291 5.478e-11   0.01895   0.01703
150316150050   130   382       5  0.7938    0.05       0     18.26     10.46     14.98    0.9719 4.886e-11   0.01878   0.01688
150316150050   130   382       5  0.7936    0.05       0     18.23     10.45     14.98     1.015 4.377e-11   0.01862   0.01673
150316150050   130   382       5  0.7934    0.05       0     18.21     10.43     14.97     1.057 3.936e-11   0.01847   0.01659
150316150050   130   382       5  0.7932    0.05       0     18.18     10.42     14.97       1.1 3.552e-11   0.01832   0.01645
150316150050   130   382       5   0.793    0.05       0     18.15      10.4     14.97     1.142 3.217e-11   0.01817   0.01632
150316150050   130   382       5  0.7928    0.05       0     18.13     10.38     14.96     1.184 2.924e-11   0.01802   0.01619
150316150050   130   382       5  0.7926    0.05       0      18.1     10.37     14.96     1.226 2.665e-11   0.01788   0.01606
150316150050   130   382       5  0.7924    0.05       0     18.07     10.35     14.96     1.268 2.437e-11   0.01774   0.01594
150316150050   130   382       5  0.7922    0.05       0     18.05     10.34     14.95     1.309 2.234e-11   0.01761   0.01582
150316150050   130   382       5   0.792    0.05       0     18.02     10.32     14.95     1.351 2.054e-11   0.01748    0.0157
150316150050   130   382       5  0.7918    0.05       0     17.99      10.3     14.94     1.392 1.894e-11   0.01734   0.01558
150316150050   130   382       5  0.7916    0.05       0     17.97     10.29     14.94     1.434 1.751e-11   0.01722   0.01547
150316150050   130   382       5  0.7914    0.05       0     17.94     10.27     14.94     1.475 1.624e-11   0.01709   0.01536
150316150050   130   382       5  0.7912    0.05       0     17.92     10.26     14.93     1.516 1.512e-11   0.01697   0.01525
150316150050   130   382       5   0.791    0.05       0     17.89     10.24     14.93     1.557 1.414e-11   0.01685   0.01514
150316150050   130   382       5  0.7908    0.05       0     17.87     10.22     14.93     1.598 1.333e-11   0.01673   0.01504
150316150050   130   382       5  0.7906    0.05       0     17.84     10.21     14.92     1.639 1.278e-11   0.01661   0.01494
150316150050   130   382       5  0.7904    0.05       0     17.81     10.19     14.92     1.679  1.29e-11    0.0165   0.01484
150316150050   130   382       5  0.7902    0.05       0     17.79     10.18     14.92      1.72 1.615e-11   0.01639   0.01474
150316150050   130   382       5    0.79    0.05       0     17.76     10.16     14.91      1.76 9.029e-11   0.01628   0.01465
150316155153   130   382       5  0.7898    0.05       0     17.75     10.14     14.91     1.782  8.86e-12   0.01724   0.01537
150316155153   130   382       5  0.7896    0.05       0     17.72     10.12     14.91     1.822  8.34e-12   0.01714   0.01527
150316155153   130   382       5  0.7894    0.05       0      17.7      10.1      14.9     1.862 7.862e-12   0.01705   0.01518
150316155153   130   382       5  0.7892    0.05       0     17.67     10.09      14.9     1.903 7.422e-12   0.01695   0.01509
150316155153   130   382       5   0.789    0.05       0     17.65     10.07      14.9     1.943 7.018e-12   0.01686     0.015
150316155153   130   382       5  0.7888    0.05       0     17.62     10.06     14.89     1.983 6.644e-12   0.01677   0.01492
150316155153   130   382       5  0.7886    0.05       0      17.6     10.04     14.89     2.022 6.299e-12   0.01668   0.01483
150316155153   130   382       5  0.7884    0.05       0     17.57     10.03     14.88     2.062 5.979e-12   0.01659   0.01474
150316155153   130   382       5  0.7882    0.05       0     17.55     10.01     14.88     2.102 5.683e-12    0.0165   0.01466
150316155153   130   382       5   0.788    0.05       0     17.52     9.994     14.88     2.141 5.408e-12   0.01641   0.01458
150316155153   130   382       5  0.7878    0.05       0      17.5     9.978     14.87     2.181 5.152e-12   0.01633    0.0145
150316155153   130   382       5  0.7876    0.05       0     17.47     9.962     14.87      2.22 4.913e-12   0.01624   0.01442
150316155153   130   382       5  0.7874    0.05       0     17.45     9.946     14.87     2.259 4.691e-12   0.01616   0.01434
150316155153   130   382       5  0.7872    0.05       0     17.42      9.93     14.86     2.299 4.484e-12   0.01607   0.01426
150316155153   130   382       5   0.787    0.05       0      17.4     9.915     14.86     2.338  4.29e-12   0.01599   0.01418
150316155153   130   382       5  0.7868    0.05       0     17.37     9.899     14.86     2.377 4.109e-12   0.01591   0.01411
150316155153   130   382       5  0.7866    0.05       0     17.35     9.883     14.85     2.416 3.939e-12   0.01583   0.01403
150316155153   130   382       5  0.7864    0.05       0     17.32     9.868     14.85     2.455 3.779e-12   0.01575   0.01396
150316155153   130   382       5  0.7862    0.05       0      17.3     9.852     14.85     2.493  3.63e-12   0.01567   0.01389
150316155153   130   382       5   0.786    0.05       0     17.27     9.836     14.84     2.532 3.489e-12    0.0156   0.01382
150316155153   130   382       5  0.7858    0.05       0     17.25     9.821     14.84     2.571 3.356e-12   0.01552   0.01374
150316155153   130   382       5  0.7856    0.05       0     17.22     9.805     14.84     2.609 3.232e-12   0.01544   0.01367
150316155153   130   382       5  0.7854    0.05       0      17.2     9.789     14.83     2.648 3.114e-12   0.01537    0.0136
150316155153   130   382       5  0.7852    0.05       0     17.18     9.774     14.83     2.686 3.003e-12    0.0153   0.01354
150316155153   130   382       5   0.785    0.05       0     17.15     9.758     14.83     2.725 2.898e-12   0.01522   0.01347
150316155153   130   382       5  0.7848    0.05       0     17.13     9.743     14.82     2.763 2.799e-12   0.01515    0.0134
150316155153   130   382       5  0.7846    0.05       0      17.1     9.727     14.82     2.801 2.705e-12   0.01508   0.01333
150316155153   130   382       5  0.7844    0.05       0     17.08     9.711     14.82     2.839 2.616e-12     0.015   0.01327
150316155153   130   382       5  0.7842    0.05       0     17.05     9.696     14.81     2.877 2.532e-12   0.01493    0.0132
150316155153   130   382       5   0.784    0.05       0     17.03      9.68     14.81     2.915 2.452e-12   0.01486   0.01314
150316155153   130   382       5  0.7838    0.05       0     17.01     9.665     14.81     2.953 2.377e-12   0.01479   0.01308
150316155153   130   382       5  0.7836    0.05       0     16.98      9.65      14.8     2.991 2.305e-12   0.01472   0.01301
150316155153   130   382       5  0.7834    0.05       0     16.96     9.634      14.8     3.029 2.237e-12   0.01465   0.01295
150316155153   130   382       5  0.7832    0.05       0     16.93     9.619      14.8     3.066 2.172e-12   0.01459   0.01289
150316155153   130   382       5   0.783    0.05       0     16.91     9.603     14.79     3.104  2.11e-12   0.01452   0.01283
150316155153   130   382       5  0.7828    0.05       0     16.89     9.588     14.79     3.141 2.052e-12   0.01445   0.01277
150316155153   130   382       5  0.7826    0.05       0     16.86     9.573     14.79     3.179 1.996e-12   0.01438   0.01271
150316155153   130   382       5  0.7824    0.05       0     16.84     9.557     14.78     3.216 1.944e-12   0.01432   0.01265
150316155153   130   382       5  0.7822    0.05       0     16.81     9.542     14.78     3.253 1.895e-12   0.01425   0.01259
150316155153   130   382       5   0.782    0.05       0     16.79     9.527     14.78     3.291 1.849e-12   0.01419   0.01253
150316155153   130   382       5  0.7818    0.05       0     16.77     9.511     14.77     3.328 1.807e-12   0.01412   0.01247
150316155153   130   382       5  0.7816    0.05       0     16.74     9.496     14.77     3.365  1.77e-12   0.01406   0.01242
150316155153   130   382       5  0.7814    0.05       0     16.72     9.481     14.77     3.402  1.74e-12   0.01399   0.01236
150316155153   130   382       5  0.7812    0.05       0      16.7     9.466     14.76     3.439 1.722e-12   0.01393    0.0123
150316155153   130   382       5   0.781    0.05       0     16.67      9.45     14.76     3.476 1.729e-12   0.01387   0.01225
150316155153   130   382       5  0.7808    0.05       0     16.65     9.435     14.76     3.513 1.796e-12   0.01381   0.01219
150316155153   130   382       5  0.7806    0.05       0     16.63      9.42     14.75     3.549 2.062e-12   0.01374   0.01214
150316155153   130   382       5  0.7804    0.05       0      16.6     9.405     14.75     3.586 3.461e-12   0.01368   0.01209
150316155153   130   382       5  0.7802    0.05       0     16.58      9.39     14.75     3.622 2.698e-11   0.01363   0.01203
150316155153   130   382       5    0.78    0.05       0     16.56     9.376     14.74     3.658 7.072e-08    0.0134   0.01191
150316165227   130   382       5  0.7798    0.05       0     16.54     9.355     14.74     3.681 1.319e-12   0.01462    0.0126
150316165227   130   382       5  0.7796    0.05       0     16.52      9.34     14.74     3.717 1.292e-12   0.01457   0.01255
150316165227   130   382       5  0.7794    0.05       0     16.49     9.325     14.73     3.753 1.266e-12   0.01452   0.01249
150316165227   130   382       5  0.7792    0.05       0     16.47      9.31     14.73      3.79 1.241e-12   0.01447   0.01244
150316165227   130   382       5   0.779    0.05       0     16.45     9.295     14.73     3.826 1.217e-12   0.01442   0.01239
150316165227   130   382       5  0.7788    0.05       0     16.43      9.28     14.72     3.862 1.194e-12   0.01437   0.01234
150316165227   130   382       5  0.7786    0.05       0      16.4     9.265     14.72     3.898 1.172e-12   0.01432   0.01229
150316165227   130   382       5  0.7784    0.05       0     16.38      9.25     14.72     3.934 1.151e-12   0.01427   0.01224
150316165227   130   382       5  0.7782    0.05       0     16.36     9.235     14.71      3.97  1.13e-12   0.01422    0.0122
150316165227   130   382       5   0.778    0.05       0     16.33      9.22     14.71     4.006 1.111e-12   0.01417   0.01215
150316165227   130   382       5  0.7778    0.05       0     16.31     9.206     14.71     4.042 1.091e-12   0.01412    0.0121
150316165227   130   382       5  0.7776    0.05       0     16.29     9.191      14.7     4.078 1.073e-12   0.01407   0.01205
150316165227   130   382       5  0.7774    0.05       0     16.26     9.176      14.7     4.114 1.055e-12   0.01403     0.012
150316165227   130   382       5  0.7772    0.05       0     16.24     9.161      14.7     4.149 1.038e-12   0.01398   0.01196
150316165227   130   382       5   0.777    0.05       0     16.22     9.146     14.69     4.185 1.021e-12   0.01393   0.01191
150316165227   130   382       5  0.7768    0.05       0      16.2     9.132     14.69      4.22 1.005e-12   0.01388   0.01186
150316165227   130   382       5  0.7766    0.05       0     16.17     9.117     14.69     4.256   9.9e-13   0.01383   0.01182
150316165227   130   382       5  0.7764    0.05       0     16.15     9.102     14.68     4.291  9.75e-13   0.01379   0.01177
150316165227   130   382       5  0.7762    0.05       0     16.13     9.088     14.68     4.327 9.606e-13   0.01374   0.01172
150316165227   130   382       5   0.776    0.05       0      16.1     9.073     14.68     4.362 9.466e-13   0.01369   0.01168
150316165227   130   382       5  0.7758    0.05       0     16.08     9.058     14.67     4.397 9.331e-13   0.01364   0.01163
150316165227   130   382       5  0.7756    0.05       0     16.06     9.044     14.67     4.432   9.2e-13    0.0136   0.01159
150316165227   130   382       5  0.7754    0.05       0     16.04     9.029     14.67     4.467 9.073e-13   0.01355   0.01154
150316165227   130   382       5  0.7752    0.05       0     16.01     9.015     14.67     4.502 8.951e-13    0.0135    0.0115
150316165227   130   382       5   0.775    0.05       0     15.99         9     14.66     4.537 8.833e-13   0.01346   0.01146
150316165227   130   382       5  0.7748    0.05       0     15.97     8.986     14.66     4.572 8.718e-13   0.01341   0.01141
150316165227   130   382       5  0.7746    0.05       0     15.95     8.971     14.66     4.607 8.607e-13   0.01337   0.01137
150316165227   130   382       5  0.7744    0.05       0     15.92     8.957     14.65     4.642   8.5e-13   0.01332   0.01132
150316165227   130   382       5  0.7742    0.05       0      15.9     8.942     14.65     4.677 8.397e-13   0.01327   0.01128
150316165227   130   382       5   0.774    0.05       0     15.88     8.928     14.65     4.711 8.297e-13   0.01323   0.01124
150316165227   130   382       5  0.7738    0.05       0     15.86     8.913     14.64     4.746   8.2e-13   0.01318    0.0112
150316165227   130   382       5  0.7736    0.05       0     15.83     8.899     14.64      4.78 8.107e-13   0.01314   0.01115
150316165227   130   382       5  0.7734    0.05       0     15.81     8.885     14.64     4.815 8.017e-13   0.01309   0.01111
150316165227   130   382       5  0.7732    0.05       0     15.79      8.87     14.63     4.849 7.932e-13   0.01305   0.01107
150316165227   130   382       5   0.773    0.05       0     15.77     8.856     14.63     4.884 7.851e-13     0.013   0.01103
150316165227   130   382       5  0.7728    0.05       0     15.75     8.842     14.63     4.918 7.774e-13   0.01296   0.01099
150316165227   130   382       5  0.7726    0.05       0     15.72     8.828     14.62     4.952 7.704e-13   0.01291   0.01095
150316165227   130   382       5  0.7724    0.05       0      15.7     8.813     14.62     4.986  7.64e-13   0.01287   0.01091
150316165227   130   382       5  0.7722    0.05       0     15.68     8.799     14.62      5.02 7.588e-13   0.01282   0.01087
150316165227   130   382       5   0.772    0.05       0     15.66     8.785     14.61     5.055 7.551e-13   0.01278   0.01082
150316165227   130   382       5  0.7718    0.05       0     15.64     8.771     14.61     5.089 7.538e-13   0.01274   0.01078
150316165227   130   382       5  0.7716    0.05       0     15.61     8.757     14.61     5.122 7.568e-13   0.01269   0.01074
150316165227   130   382       5  0.7714    0.05       0     15.59     8.743     14.61     5.156 7.681e-13   0.01265    0.0107
150316165227   130   382       5  0.7712    0.05       0     15.57     8.728      14.6      5.19 7.973e-13    0.0126   0.01067
150316165227   130   382       5   0.771    0.05       0     15.55     8.714      14.6     5.224  8.74e-13   0.01256   0.01063
150316165227   130   382       5  0.7708    0.05       0     15.53       8.7      14.6     5.258 1.118e-12   0.01252   0.01059
150316165227   130   382       5  0.7706    0.05       0      15.5     8.686     14.59     5.291 2.328e-12   0.01248   0.01055
150316165227   130   382       5  0.7704    0.05       0     15.48     8.672     14.59     5.325 1.659e-11   0.01244   0.01051
150316165227   130   382       5  0.7702    0.05       0     15.46     8.658     14.59     5.358 2.663e-09   0.01243   0.01049
150316165227   130   382       5    0.77    0.05       0     15.44     8.645     14.58      5.39 1.173e-07   0.01232   0.01042
150316165227   130   382       5  0.7698    0.05       0     15.42     8.631     14.58     5.425 1.096e-09   0.01229   0.01039
150316165227   130   382       5  0.7696    0.05       0      15.4     8.617     14.58     5.458 8.651e-12   0.01225   0.01035
150316165227   130   382       5  0.7694    0.05       0     15.37     8.603     14.57     5.492 5.886e-13   0.01221   0.01032
150316165227   130   382       5  0.7692    0.05       0     15.35     8.589     14.57     5.525 4.942e-13   0.01216   0.01028
150316165227   130   382       5   0.769    0.05       0     15.33     8.575     14.57     5.558 5.609e-13   0.01212   0.01024
150316165227   130   382       5  0.7688    0.05       0     15.31     8.561     14.57     5.591 6.021e-13   0.01208    0.0102
150316165227   130   382       5  0.7686    0.05       0     15.29     8.547     14.56     5.624 6.242e-13   0.01204   0.01017
150316165227   130   382       5  0.7684    0.05       0     15.27     8.534     14.56     5.657 6.355e-13   0.01199   0.01013
150316165227   130   382       5  0.7682    0.05       0     15.25      8.52     14.56      5.69 6.408e-13   0.01195   0.01009
150316165227   130   382       5   0.768    0.05       0     15.22     8.506     14.55     5.723 6.427e-13   0.01191   0.01006
150316165227   130   382       5  0.7678    0.05       0      15.2     8.492     14.55     5.756 6.427e-13   0.01186   0.01002
150316165227   130   382       5  0.7676    0.05       0     15.18     8.479     14.55     5.788 6.416e-13   0.01182  0.009983
150316165227   130   382       5  0.7674    0.05       0     15.16     8.465     14.54     5.821 6.398e-13   0.01178  0.009947
150316165227   130   382       5  0.7672    0.05       0     15.14     8.451     14.54     5.854 6.376e-13   0.01174  0.009911
150316165227   130   382       5   0.767    0.05       0     15.12     8.438     14.54     5.886 6.352e-13   0.01169  0.009875
150316165227   130   382       5  0.7668    0.05       0      15.1     8.424     14.54     5.919 6.327e-13   0.01165   0.00984
150316165227   130   382       5  0.7666    0.05       0     15.08     8.411     14.53     5.951 6.302e-13   0.01161  0.009804
150316165227   130   382       5  0.7664    0.05       0     15.05     8.397     14.53     5.983 6.277e-13   0.01156  0.009769
150316165227   130   382       5  0.7662    0.05       0     15.03     8.384     14.53     6.016 6.252e-13   0.01152  0.009734
150316165227   130   382       5   0.766    0.05       0     15.01      8.37     14.52     6.048 6.228e-13   0.01148  0.009699
150316165227   130   382       5  0.7658    0.05       0     14.99     8.357     14.52      6.08 6.205e-13   0.01144  0.009664
150316165227   130   382       5  0.7656    0.05       0     14.97     8.343     14.52     6.112 6.183e-13   0.01139  0.009629
150316165227   130   382       5  0.7654    0.05       0     14.95      8.33     14.51     6.144 6.161e-13   0.01135  0.009594
150316165227   130   382       5  0.7652    0.05       0     14.93     8.316     14.51     6.176  6.14e-13   0.01131   0.00956
150316165227   130   382       5   0.765    0.05       0     14.91     8.303     14.51     6.208 6.121e-13   0.01127  0.009526
150316165227   130   382       5  0.7648    0.05       0     14.89      8.29     14.51      6.24 6.102e-13   0.01122  0.009492
150316165227   130   382       5  0.7646    0.05       0     14.87     8.276      14.5     6.272 6.085e-13   0.01118  0.009458
150316165227   130   382       5  0.7644    0.05       0     14.85     8.263      14.5     6.304 6.068e-13   0.01114  0.009424
150316165227   130   382       5  0.7642    0.05       0     14.82      8.25      14.5     6.335 6.053e-13    0.0111   0.00939
150316165227   130   382       5   0.764    0.05       0      14.8     8.237     14.49     6.367 6.039e-13   0.01105  0.009356
150316165227   130   382       5  0.7638    0.05       0     14.78     8.223     14.49     6.399 6.025e-13   0.01101  0.009323
150316165227   130   382       5  0.7636    0.05       0     14.76      8.21     14.49      6.43 6.013e-13   0.01097   0.00929
150316165227   130   382       5  0.7634    0.05       0     14.74     8.197     14.48     6.462 6.002e-13   0.01093  0.009257
150316165227   130   382       5  0.7632    0.05       0     14.72     8.184     14.48     6.493 5.992e-13   0.01088  0.009224
150316165227   130   382       5   0.763    0.05       0      14.7     8.171     14.48     6.524 5.983e-13   0.01084  0.009191
150316165227   130   382       5  0.7628    0.05       0     14.68     8.158     14.48     6.556 5.975e-13    0.0108  0.009158
150316165227   130   382       5  0.7626    0.05       0     14.66     8.144     14.47     6.587 5.967e-13   0.01076  0.009125
150316165227   130   382       5  0.7624    0.05       0     14.64     8.131     14.47     6.618 5.961e-13   0.01071  0.009093
150316165227   130   382       5  0.7622    0.05       0     14.62     8.118     14.47     6.649 5.956e-13   0.01067   0.00906
150316165227   130   382       5   0.762    0.05       0      14.6     8.105     14.46      6.68 5.952e-13   0.01063  0.009028
150316165227   130   382       5  0.7618    0.05       0     14.58     8.092     14.46     6.711 5.949e-13   0.01059  0.008996
150316165227   130   382       5  0.7616    0.05       0     14.56     8.079     14.46     6.742 5.947e-13   0.01054  0.008964
150316165227   130   382       5  0.7614    0.05       0     14.54     8.066     14.46     6.773 5.946e-13    0.0105  0.008932
150316165227   130   382       5  0.7612    0.05       0     14.52     8.054     14.45     6.804 5.946e-13   0.01046    0.0089
150316165227   130   382       5   0.761    0.05       0      14.5     8.041     14.45     6.834 5.946e-13   0.01042  0.008869
150316165227   130   382       5  0.7608    0.05       0     14.48     8.028     14.45     6.865 5.948e-13   0.01037  0.008837
150316165227   130   382       5  0.7606    0.05       0     14.46     8.015     14.44     6.896 5.951e-13   0.01033  0.008806
150316165227   130   382       5  0.7604    0.05       0     14.44     8.002     14.44     6.926 5.955e-13   0.01029  0.008775
150316165227   130   382       5  0.7602    0.05       0     14.42     7.989     14.44     6.957  5.96e-13   0.01025  0.008744
150316165227   130   382       5    0.76    0.05       0      14.4     7.977     14.44     6.987 5.966e-13    0.0102  0.008713
150317093533   130   382       5  0.7598    0.05       0     14.39     7.955     14.43         7 5.101e-13   0.01287  0.009824
150317093533   130   382       5  0.7596    0.05       0     14.37     7.942     14.43     7.031 5.102e-13   0.01284  0.009795
150317093533   130   382       5  0.7594    0.05       0     14.35      7.93     14.43     7.061 5.104e-13   0.01282  0.009766
150317093533   130   382       5  0.7592    0.05       0     14.33     7.917     14.42     7.092 5.106e-13   0.01279  0.009738
150317093533   130   382       5   0.759    0.05       0     14.31     7.904     14.42     7.122 5.108e-13   0.01277  0.009709
150317093533   130   382       5  0.7588    0.05       0     14.29     7.891     14.42     7.152 5.111e-13   0.01274   0.00968
150317093533   130   382       5  0.7586    0.05       0     14.27     7.879     14.42     7.183 5.114e-13   0.01271  0.009652
150317093533   130   382       5  0.7584    0.05       0     14.25     7.866     14.41     7.213 5.117e-13   0.01269  0.009623
150317093533   130   382       5  0.7582    0.05       0     14.23     7.853     14.41     7.243 5.121e-13   0.01266  0.009595
150317093533   130   382       5   0.758    0.05       0     14.21     7.841     14.41     7.273 5.126e-13   0.01264  0.009567
150317093533   130   382       5  0.7578    0.05       0     14.19     7.828      14.4     7.304  5.13e-13   0.01261  0.009538
150317093533   130   382       5  0.7576    0.05       0     14.17     7.815      14.4     7.334 5.135e-13   0.01258   0.00951
150317093533   130   382       5  0.7574    0.05       0     14.15     7.803      14.4     7.364 5.141e-13   0.01256  0.009482
150317093533   130   382       5  0.7572    0.05       0     14.13      7.79      14.4     7.394 5.146e-13   0.01253  0.009454
150317093533   130   382       5   0.757    0.05       0     14.11     7.778     14.39     7.424 5.152e-13   0.01251  0.009426
150317093533   130   382       5  0.7568    0.05       0     14.09     7.765     14.39     7.453 5.159e-13   0.01248  0.009398
150317093533   130   382       5  0.7566    0.05       0     14.07     7.753     14.39     7.483 5.166e-13   0.01245  0.009371
150317093533   130   382       5  0.7564    0.05       0     14.05      7.74     14.38     7.513 5.173e-13   0.01243  0.009343
150317093533   130   382       5  0.7562    0.05       0     14.03     7.728     14.38     7.543  5.18e-13    0.0124  0.009315
150317093533   130   382       5   0.756    0.05       0     14.01     7.715     14.38     7.572 5.188e-13   0.01238  0.009288
150317093533   130   382       5  0.7558    0.05       0     13.99     7.703     14.38     7.602 5.196e-13   0.01235   0.00926
150317093533   130   382       5  0.7556    0.05       0     13.97     7.691     14.37     7.631 5.205e-13   0.01232  0.009233
150317093533   130   382       5  0.7554    0.05       0     13.95     7.678     14.37     7.661 5.214e-13    0.0123  0.009206
150317093533   130   382       5  0.7552    0.05       0     13.93     7.666     14.37      7.69 5.224e-13   0.01227  0.009178
150317093533   130   382       5   0.755    0.05       0     13.91     7.654     14.37      7.72 5.234e-13   0.01224  0.009151
150317093533   130   382       5  0.7548    0.05       0      13.9     7.641     14.36     7.749 5.246e-13   0.01222  0.009124
150317093533   130   382       5  0.7546    0.05       0     13.88     7.629     14.36     7.778 5.257e-13   0.01219  0.009097
150317093533   130   382       5  0.7544    0.05       0     13.86     7.617     14.36     7.807  5.27e-13   0.01216   0.00907
150317093533   130   382       5  0.7542    0.05       0     13.84     7.604     14.35     7.837 5.284e-13   0.01214  0.009043
150317093533   130   382       5   0.754    0.05       0     13.82     7.592     14.35     7.866 5.299e-13   0.01211  0.009016
150317093533   130   382       5  0.7538    0.05       0      13.8      7.58     14.35     7.895 5.317e-13   0.01208   0.00899
150317093533   130   382       5  0.7536    0.05       0     13.78     7.568     14.35     7.924 5.337e-13   0.01205  0.008963
150317093533   130   382       5  0.7534    0.05       0     13.76     7.556     14.34     7.953 5.361e-13   0.01203  0.008936
150317093533   130   382       5  0.7532    0.05       0     13.74     7.544     14.34     7.982 5.391e-13     0.012   0.00891
150317093533   130   382       5   0.753    0.05       0     13.72     7.532     14.34     8.011 5.428e-13   0.01197  0.008883
150317093533   130   382       5  0.7528    0.05       0      13.7     7.519     14.34     8.039 5.476e-13   0.01195  0.008857
150317093533   130   382       5  0.7526    0.05       0     13.68     7.507     14.33     8.068 5.541e-13   0.01192  0.008831
150317093533   130   382       5  0.7524    0.05       0     13.66     7.495     14.33     8.097 5.635e-13   0.01189  0.008804
150317093533   130   382       5  0.7522    0.05       0     13.65     7.483     14.33     8.125 5.776e-13   0.01186  0.008778
150317093533   130   382       5   0.752    0.05       0     13.63     7.471     14.32     8.154 5.999e-13   0.01184  0.008752
150317093533   130   382       5  0.7518    0.05       0     13.61     7.459     14.32     8.182 6.381e-13   0.01181  0.008726
150317093533   130   382       5  0.7516    0.05       0     13.59     7.447     14.32     8.211 7.103e-13   0.01178    0.0087
150317093533   130   382       5  0.7514    0.05       0     13.57     7.435     14.32     8.239 8.668e-13   0.01176  0.008675
150317093533   130   382       5  0.7512    0.05       0     13.55     7.424     14.31     8.268 1.282e-12   0.01173  0.008649
150317093533   130   382       5   0.751    0.05       0     13.53     7.412     14.31     8.296  2.79e-12    0.0117  0.008624
150317093533   130   382       5  0.7508    0.05       0     13.51       7.4     14.31     8.324 1.222e-11   0.01168  0.008599
150317093533   130   382       5  0.7506    0.05       0     13.49     7.388     14.31     8.352 1.946e-10   0.01166  0.008576
150317093533   130   382       5  0.7504    0.05       0     13.47     7.377      14.3     8.384 1.154e-08   0.01101  0.008346
150317105558   130   382       5 0.750298    0.05       0     13.47     7.368      14.3     8.385 3.767e-14   0.01266  0.008977
150317105558   130   382       5 0.750196    0.05       0     13.46     7.362      14.3     8.399 3.772e-14   0.01265  0.008965
150317105558   130   382       5 0.750094    0.05       0     13.45     7.356      14.3     8.414 3.781e-14   0.01264  0.008952
150317105558   130   382       5 0.749992    0.05       0     13.44      7.35      14.3     8.428 3.785e-14   0.01263   0.00894
150317105558   130   382       5  0.74989    0.05       0     13.43     7.344      14.3     8.442 3.797e-14   0.01262  0.008928
150317105558   130   382       5 0.749788    0.05       0     13.43     7.338     14.29     8.456 3.804e-14   0.01261  0.008916
150317105558   130   382       5 0.749686    0.05       0     13.42     7.332     14.29     8.471 3.813e-14    0.0126  0.008903
150317105558   130   382       5 0.749584    0.05       0     13.41     7.326     14.29     8.485 3.821e-14   0.01259  0.008891
150317105558   130   382       5 0.749482    0.05       0      13.4      7.32     14.29     8.499  3.83e-14   0.01258  0.008879
150317105558   130   382       5  0.74938    0.05       0     13.39     7.314     14.29     8.513 3.836e-14   0.01257  0.008867
150317105558   130   382       5 0.749278    0.05       0     13.38     7.308     14.29     8.528 3.845e-14   0.01256  0.008854
150317105558   130   382       5 0.749176    0.05       0     13.37     7.302     14.29     8.542 3.852e-14   0.01255  0.008842
150317105558   130   382       5 0.749075    0.05       0     13.36     7.296     14.28     8.556 3.859e-14   0.01254   0.00883
150317105558   130   382       5 0.748973    0.05       0     13.35      7.29     14.28      8.57 3.871e-14   0.01253  0.008818
150317105558   130   382       5 0.748871    0.05       0     13.34     7.284     14.28     8.584 3.878e-14   0.01252  0.008805
150317105558   130   382       5 0.748769    0.05       0     13.33     7.278     14.28     8.599 3.886e-14   0.01251  0.008793
150317105558   130   382       5 0.748667    0.05       0     13.32     7.272     14.28     8.613 3.897e-14    0.0125  0.008781
150317105558   130   382       5 0.748565    0.05       0     13.31     7.266     14.28     8.627 3.904e-14   0.01248  0.008769
150317105558   130   382       5 0.748463    0.05       0      13.3      7.26     14.28     8.641 3.915e-14   0.01247  0.008757
150317105558   130   382       5 0.748361    0.05       0     13.29     7.254     14.28     8.655 3.921e-14   0.01246  0.008745
150317105558   130   382       5 0.748259    0.05       0     13.28     7.248     14.27     8.669  3.93e-14   0.01245  0.008733
150317105558   130   382       5 0.748157    0.05       0     13.27     7.242     14.27     8.683  3.94e-14   0.01244  0.008721
150317105558   130   382       5 0.748055    0.05       0     13.26     7.237     14.27     8.697 3.952e-14   0.01243  0.008709
150317105558   130   382       5 0.747953    0.05       0     13.26     7.231     14.27     8.711 3.959e-14   0.01242  0.008696
150317105558   130   382       5 0.747851    0.05       0     13.25     7.225     14.27     8.726 3.967e-14   0.01241  0.008684
150317105558   130   382       5 0.747749    0.05       0     13.24     7.219     14.27      8.74 3.978e-14    0.0124  0.008672
150317105558   130   382       5 0.747647    0.05       0     13.23     7.213     14.27     8.754 3.986e-14   0.01239   0.00866
150317105558   130   382       5 0.747545    0.05       0     13.22     7.207     14.26     8.768 3.996e-14   0.01238  0.008648
150317105558   130   382       5 0.747443    0.05       0     13.21     7.201     14.26     8.782 4.008e-14   0.01237  0.008636
150317105558   130   382       5 0.747341    0.05       0      13.2     7.195     14.26     8.796 4.019e-14   0.01236  0.008624
150317105558   130   382       5 0.747239    0.05       0     13.19     7.189     14.26      8.81 4.024e-14   0.01235  0.008612
150317105558   130   382       5 0.747137    0.05       0     13.18     7.184     14.26     8.823 4.036e-14   0.01233    0.0086
150317105558   130   382       5 0.747035    0.05       0     13.17     7.178     14.26     8.837 4.044e-14   0.01232  0.008588
150317105558   130   382       5 0.746933    0.05       0     13.16     7.172     14.26     8.851 4.053e-14   0.01231  0.008576
150317105558   130   382       5 0.746831    0.05       0     13.15     7.166     14.26     8.865 4.064e-14    0.0123  0.008564
150317105558   130   382       5 0.746729    0.05       0     13.14      7.16     14.25     8.879 4.076e-14   0.01229  0.008553
150317105558   130   382       5 0.746627    0.05       0     13.13     7.154     14.25     8.893 4.088e-14   0.01228  0.008541
150317105558   130   382       5 0.746525    0.05       0     13.12     7.149     14.25     8.907 4.096e-14   0.01227  0.008529
150317105558   130   382       5 0.746424    0.05       0     13.12     7.143     14.25     8.921 4.107e-14   0.01226  0.008517
150317105558   130   382       5 0.746322    0.05       0     13.11     7.137     14.25     8.935  4.12e-14   0.01225  0.008505
150317105558   130   382       5  0.74622    0.05       0      13.1     7.131     14.25     8.948 4.129e-14   0.01224  0.008493
150317105558   130   382       5 0.746118    0.05       0     13.09     7.125     14.25     8.962 4.142e-14   0.01223  0.008481
150317105558   130   382       5 0.746016    0.05       0     13.08      7.12     14.24     8.976 4.151e-14   0.01221  0.008469
150317105558   130   382       5 0.745914    0.05       0     13.07     7.114     14.24      8.99 4.159e-14    0.0122  0.008458
150317105558   130   382       5 0.745812    0.05       0     13.06     7.108     14.24     9.004 4.174e-14   0.01219  0.008446
150317105558   130   382       5  0.74571    0.05       0     13.05     7.102     14.24     9.017 4.185e-14   0.01218  0.008434
150317105558   130   382       5 0.745608    0.05       0     13.04     7.096     14.24     9.031 4.198e-14   0.01217  0.008422
150317105558   130   382       5 0.745506    0.05       0     13.03     7.091     14.24     9.045 4.209e-14   0.01216   0.00841
150317105558   130   382       5 0.745404    0.05       0     13.02     7.085     14.24     9.059  4.22e-14   0.01215  0.008399
150317105558   130   382       5 0.745302    0.05       0     13.01     7.079     14.24     9.072 4.232e-14   0.01214  0.008387
150317105558   130   382       5   0.7452    0.05       0        13     7.073     14.23     9.086 4.246e-14   0.01212  0.008375
150317105558   130   382       5 0.745098    0.05       0        13     7.068     14.23       9.1 4.262e-14   0.01211  0.008363
150317105558   130   382       5 0.744996    0.05       0     12.99     7.062     14.23     9.113 4.272e-14    0.0121  0.008352
150317105558   130   382       5 0.744894    0.05       0     12.98     7.056     14.23     9.127 4.286e-14   0.01209   0.00834
150317105558   130   382       5 0.744792    0.05       0     12.97      7.05     14.23     9.141 4.303e-14   0.01208  0.008328
150317105558   130   382       5  0.74469    0.05       0     12.96     7.045     14.23     9.154 4.317e-14   0.01207  0.008316
150317105558   130   382       5 0.744588    0.05       0     12.95     7.039     14.23     9.168 4.333e-14   0.01206  0.008305
150317105558   130   382       5 0.744486    0.05       0     12.94     7.033     14.23     9.182 4.351e-14   0.01205  0.008293
150317105558   130   382       5 0.744384    0.05       0     12.93     7.027     14.22     9.195 4.368e-14   0.01203  0.008281
150317105558   130   382       5 0.744282    0.05       0     12.92     7.022     14.22     9.209 4.384e-14   0.01202   0.00827
150317105558   130   382       5  0.74418    0.05       0     12.91     7.016     14.22     9.222 4.404e-14   0.01201  0.008258
150317105558   130   382       5 0.744078    0.05       0      12.9      7.01     14.22     9.236 4.426e-14     0.012  0.008246
150317105558   130   382       5 0.743976    0.05       0      12.9     7.005     14.22      9.25 4.451e-14   0.01199  0.008235
150317105558   130   382       5 0.743875    0.05       0     12.89     6.999     14.22     9.263 4.471e-14   0.01198  0.008223
150317105558   130   382       5 0.743773    0.05       0     12.88     6.993     14.22     9.277 4.503e-14   0.01196  0.008212
150317105558   130   382       5 0.743671    0.05       0     12.87     6.988     14.21      9.29 4.529e-14   0.01195    0.0082
150317105558   130   382       5 0.743569    0.05       0     12.86     6.982     14.21     9.304 4.564e-14   0.01194  0.008189
150317105558   130   382       5 0.743467    0.05       0     12.85     6.976     14.21     9.317 4.598e-14   0.01193  0.008177
150317105558   130   382       5 0.743365    0.05       0     12.84     6.971     14.21      9.33 4.644e-14   0.01192  0.008165
150317105558   130   382       5 0.743263    0.05       0     12.83     6.965     14.21     9.344 4.695e-14   0.01191  0.008154
150317105558   130   382       5 0.743161    0.05       0     12.82     6.959     14.21     9.357 4.753e-14   0.01189  0.008142
150317105558   130   382       5 0.743059    0.05       0     12.81     6.954     14.21     9.371  4.82e-14   0.01188  0.008131
150317105558   130   382       5 0.742957    0.05       0      12.8     6.948     14.21     9.384 4.905e-14   0.01187  0.008119
150317105558   130   382       5 0.742855    0.05       0      12.8     6.942      14.2     9.398 5.001e-14   0.01186  0.008108
150317105558   130   382       5 0.742753    0.05       0     12.79     6.937      14.2     9.411 5.125e-14   0.01185  0.008097
150317105558   130   382       5 0.742651    0.05       0     12.78     6.931      14.2     9.424 5.284e-14   0.01184  0.008085
150317105558   130   382       5 0.742549    0.05       0     12.77     6.926      14.2     9.438 5.488e-14   0.01182  0.008074
150317105558   130   382       5 0.742447    0.05       0     12.76      6.92      14.2     9.451 5.753e-14   0.01181  0.008062
150317105558   130   382       5 0.742345    0.05       0     12.75     6.914      14.2     9.464 6.108e-14    0.0118  0.008051
150317105558   130   382       5 0.742243    0.05       0     12.74     6.909      14.2     9.478 6.606e-14   0.01179  0.008039
150317105558   130   382       5 0.742141    0.05       0     12.73     6.903      14.2     9.491 7.315e-14   0.01178  0.008028
150317105558   130   382       5 0.742039    0.05       0     12.72     6.898     14.19     9.504 8.376e-14   0.01177  0.008017
150317105558   130   382       5 0.741937    0.05       0     12.71     6.892     14.19     9.518 1.004e-13   0.01175  0.008006
150317105558   130   382       5 0.741835    0.05       0     12.71     6.886     14.19     9.531 1.283e-13   0.01174  0.007994
150317105558   130   382       5 0.741733    0.05       0      12.7     6.881     14.19     9.544 1.786e-13   0.01173  0.007983
150317105558   130   382       5 0.741631    0.05       0     12.69     6.875     14.19     9.557 2.785e-13   0.01172  0.007972
150317105558   130   382       5 0.741529    0.05       0     12.68      6.87     14.19     9.571 5.043e-13   0.01171  0.007961
150317105558   130   382       5 0.741427    0.05       0     12.67     6.864     14.19     9.584 1.109e-12    0.0117   0.00795
150317105558   130   382       5 0.741325    0.05       0     12.66     6.859     14.18     9.597 3.148e-12   0.01169  0.007939
150317105558   130   382       5 0.741224    0.05       0     12.65     6.853     14.18      9.61 1.278e-11   0.01168  0.007929
150317105558   130   382       5 0.741122    0.05       0     12.64     6.847     14.18     9.623 9.184e-11   0.01167   0.00792
150317105558   130   382       5  0.74102    0.05       0     12.63     6.842     14.18     9.636 2.203e-09   0.01168  0.007916
150317105558   130   382       5 0.740918    0.05       0     12.63     6.837     14.18     9.651  2.01e-09   0.01136   0.00781
150317130910   130   382       5  0.74087    0.05       0     12.63     6.832     14.18     9.646 2.829e-15   0.01265  0.008287
150317130910   130   382       5 0.740821    0.05       0     12.62     6.829     14.18     9.652 2.854e-15   0.01265  0.008282
150317130910   130   382       5 0.740773    0.05       0     12.62     6.827     14.18     9.659 2.853e-15   0.01264  0.008277
150317130910   130   382       5 0.740725    0.05       0     12.62     6.824     14.18     9.665 2.871e-15   0.01264  0.008272
150317130910   130   382       5 0.740676    0.05       0     12.61     6.821     14.18     9.671 2.869e-15   0.01264  0.008267
150317130910   130   382       5 0.740628    0.05       0     12.61     6.819     14.18     9.677 2.877e-15   0.01263  0.008262
150317130910   130   382       5  0.74058    0.05       0      12.6     6.816     14.18     9.684 2.878e-15   0.01263  0.008257
150317130910   130   382       5 0.740531    0.05       0      12.6     6.814     14.17      9.69 2.869e-15   0.01262  0.008252
150317130910   130   382       5 0.740483    0.05       0     12.59     6.811     14.17     9.696 2.903e-15   0.01262  0.008247
150317130910   130   382       5 0.740435    0.05       0     12.59     6.808     14.17     9.702 2.883e-15   0.01262  0.008242
150317130910   130   382       5 0.740387    0.05       0     12.59     6.806     14.17     9.708 2.904e-15   0.01261  0.008237
150317130910   130   382       5 0.740338    0.05       0     12.58     6.803     14.17     9.715 2.921e-15   0.01261  0.008232
150317130910   130   382       5  0.74029    0.05       0     12.58       6.8     14.17     9.721 2.955e-15    0.0126  0.008227
150317130910   130   382       5 0.740242    0.05       0     12.57     6.798     14.17     9.727 2.954e-15    0.0126  0.008222
150317130910   130   382       5 0.740193    0.05       0     12.57     6.795     14.17     9.733 2.973e-15    0.0126  0.008217
150317130910   130   382       5 0.740145    0.05       0     12.57     6.793     14.17     9.739 2.937e-15   0.01259  0.008212
150317130910   130   382       5 0.740097    0.05       0     12.56      6.79     14.17     9.746 2.987e-15   0.01259  0.008207
150317130910   130   382       5 0.740048    0.05       0     12.56     6.787     14.17     9.752 3.012e-15   0.01258  0.008202
150317130910   130   382       5     0.74    0.05       0     12.55     6.785     14.17     9.758 3.027e-15   0.01258  0.008197
150317133405   130   382       5  0.7399    0.05       0     12.54     6.645     14.17      9.77 4.563e-14  0.004488  0.008221
150317133405   130   382       5  0.7398    0.05       0     12.54      6.64     14.17     9.783 4.576e-14  0.004482   0.00821
150317133405   130   382       5  0.7397    0.05       0     12.53     6.635     14.16     9.795 4.589e-14  0.004476    0.0082
150317133405   130   382       5  0.7396    0.05       0     12.52      6.63     14.16     9.808 4.601e-14  0.004471   0.00819
150317133405   130   382       5  0.7395    0.05       0     12.51     6.624     14.16     9.821 4.613e-14  0.004465   0.00818
150317133405   130   382       5  0.7394    0.05       0      12.5     6.619     14.16     9.834  4.63e-14  0.004459  0.008169
150317133405   130   382       5  0.7393    0.05       0     12.49     6.614     14.16     9.846 4.643e-14  0.004454  0.008159
150317133405   130   382       5  0.7392    0.05       0     12.48     6.608     14.16     9.859 4.652e-14  0.004448  0.008149
150317133405   130   382       5  0.7391    0.05       0     12.48     6.603     14.16     9.872 4.667e-14  0.004442  0.008139
150317133405   130   382       5   0.739    0.05       0     12.47     6.598     14.16     9.884 4.681e-14  0.004437  0.008128
150317133405   130   382       5  0.7389    0.05       0     12.46     6.593     14.15     9.897 4.694e-14  0.004431  0.008118
150317133405   130   382       5  0.7388    0.05       0     12.45     6.587     14.15      9.91 4.709e-14  0.004426  0.008108
150317133405   130   382       5  0.7387    0.05       0     12.44     6.582     14.15     9.923 4.722e-14   0.00442  0.008098
150317133405   130   382       5  0.7386    0.05       0     12.43     6.577     14.15     9.935 4.738e-14  0.004414  0.008088
150317133405   130   382       5  0.7385    0.05       0     12.42     6.572     14.15     9.948 4.751e-14  0.004409  0.008078
150317133405   130   382       5  0.7384    0.05       0     12.42     6.567     14.15      9.96 4.765e-14  0.004403  0.008067
150317133405   130   382       5  0.7383    0.05       0     12.41     6.561     14.15     9.973 4.777e-14  0.004397  0.008057
150317133405   130   382       5  0.7382    0.05       0      12.4     6.556     14.15     9.986 4.796e-14  0.004392  0.008047
150317133405   130   382       5  0.7381    0.05       0     12.39     6.551     14.14     9.998 4.808e-14  0.004386  0.008037
150317133405   130   382       5   0.738    0.05       0     12.38     6.546     14.14     10.01 4.822e-14  0.004381  0.008027
150317133405   130   382       5  0.7379    0.05       0     12.37     6.541     14.14     10.02 4.836e-14  0.004375  0.008017
150317133405   130   382       5  0.7378    0.05       0     12.37     6.535     14.14     10.04  4.85e-14   0.00437  0.008007
150317133405   130   382       5  0.7377    0.05       0     12.36      6.53     14.14     10.05 4.865e-14  0.004364  0.007996
150317133405   130   382       5  0.7376    0.05       0     12.35     6.525     14.14     10.06 4.882e-14  0.004358  0.007986
150317133405   130   382       5  0.7375    0.05       0     12.34      6.52     14.14     10.07 4.896e-14  0.004353  0.007976
150317133405   130   382       5  0.7374    0.05       0     12.33     6.515     14.14     10.09 4.909e-14  0.004347  0.007966
150317133405   130   382       5  0.7373    0.05       0     12.32     6.509     14.13      10.1 4.924e-14  0.004342  0.007956
150317133405   130   382       5  0.7372    0.05       0     12.31     6.504     14.13     10.11  4.94e-14  0.004336  0.007946
150317133405   130   382       5  0.7371    0.05       0     12.31     6.499     14.13     10.12 4.954e-14  0.004331  0.007936
150317133405   130   382       5   0.737    0.05       0      12.3     6.494     14.13     10.14 4.971e-14  0.004325  0.007926
150317133405   130   382       5  0.7369    0.05       0     12.29     6.489     14.13     10.15 4.984e-14  0.004319  0.007916
150317133405   130   382       5  0.7368    0.05       0     12.28     6.484     14.13     10.16 5.001e-14  0.004314  0.007906
150317133405   130   382       5  0.7367    0.05       0     12.27     6.479     14.13     10.17  5.02e-14  0.004308  0.007896
150317133405   130   382       5  0.7366    0.05       0     12.26     6.473     14.13     10.19 5.035e-14  0.004303  0.007886
150317133405   130   382       5  0.7365    0.05       0     12.26     6.468     14.12      10.2  5.05e-14  0.004297  0.007876
150317133405   130   382       5  0.7364    0.05       0     12.25     6.463     14.12     10.21 5.065e-14  0.004292  0.007866
150317133405   130   382       5  0.7363    0.05       0     12.24     6.458     14.12     10.22 5.081e-14  0.004286  0.007856
150317133405   130   382       5  0.7362    0.05       0     12.23     6.453     14.12     10.24 5.099e-14  0.004281  0.007846
150317133405   130   382       5  0.7361    0.05       0     12.22     6.448     14.12     10.25 5.114e-14  0.004275  0.007836
150317133405   130   382       5   0.736    0.05       0     12.21     6.443     14.12     10.26 5.132e-14   0.00427  0.007826
150317133405   130   382       5  0.7359    0.05       0      12.2     6.438     14.12     10.27 5.149e-14  0.004264  0.007816
150317133405   130   382       5  0.7358    0.05       0      12.2     6.432     14.12     10.28 5.166e-14  0.004259  0.007806
150317133405   130   382       5  0.7357    0.05       0     12.19     6.427     14.12      10.3 5.185e-14  0.004253  0.007796
150317133405   130   382       5  0.7356    0.05       0     12.18     6.422     14.11     10.31 5.204e-14  0.004248  0.007786
150317133405   130   382       5  0.7355    0.05       0     12.17     6.417     14.11     10.32  5.22e-14  0.004242  0.007776
150317133405   130   382       5  0.7354    0.05       0     12.16     6.412     14.11     10.33 5.238e-14  0.004237  0.007766
150317133405   130   382       5  0.7353    0.05       0     12.15     6.407     14.11     10.35 5.255e-14  0.004231  0.007756
150317133405   130   382       5  0.7352    0.05       0     12.15     6.402     14.11     10.36 5.274e-14  0.004226  0.007746
150317133405   130   382       5  0.7351    0.05       0     12.14     6.397     14.11     10.37 5.292e-14   0.00422  0.007736
150317133405   130   382       5   0.735    0.05       0     12.13     6.392     14.11     10.38 5.315e-14  0.004215  0.007726
150317133405   130   382       5  0.7349    0.05       0     12.12     6.387     14.11     10.39 5.336e-14  0.004209  0.007716
150317133405   130   382       5  0.7348    0.05       0     12.11     6.382      14.1     10.41 5.358e-14  0.004204  0.007706
150317133405   130   382       5  0.7347    0.05       0     12.11     6.377      14.1     10.42 5.375e-14  0.004198  0.007696
150317133405   130   382       5  0.7346    0.05       0      12.1     6.372      14.1     10.43 5.399e-14  0.004193  0.007686
150317133405   130   382       5  0.7345    0.05       0     12.09     6.367      14.1     10.44 5.422e-14  0.004187  0.007676
150317133405   130   382       5  0.7344    0.05       0     12.08     6.362      14.1     10.46 5.444e-14  0.004182  0.007666
150317133405   130   382       5  0.7343    0.05       0     12.07     6.357      14.1     10.47 5.471e-14  0.004177  0.007657
150317133405   130   382       5  0.7342    0.05       0     12.06     6.352      14.1     10.48 5.498e-14  0.004171  0.007647
150317133405   130   382       5  0.7341    0.05       0     12.06     6.347      14.1     10.49  5.53e-14  0.004166  0.007637
150317133405   130   382       5   0.734    0.05       0     12.05     6.342     14.09      10.5 5.557e-14   0.00416  0.007627
150317133405   130   382       5  0.7339    0.05       0     12.04     6.337     14.09     10.52 5.589e-14  0.004155  0.007617
150317133405   130   382       5  0.7338    0.05       0     12.03     6.332     14.09     10.53 5.625e-14  0.004149  0.007607
150317133405   130   382       5  0.7337    0.05       0     12.02     6.327     14.09     10.54 5.658e-14  0.004144  0.007597
150317133405   130   382       5  0.7336    0.05       0     12.01     6.322     14.09     10.55 5.701e-14  0.004139  0.007588
150317133405   130   382       5  0.7335    0.05       0     12.01     6.317     14.09     10.56 5.744e-14  0.004133  0.007578
150317133405   130   382       5  0.7334    0.05       0        12     6.312     14.09     10.58 5.793e-14  0.004128  0.007568
150317133405   130   382       5  0.7333    0.05       0     11.99     6.307     14.09     10.59 5.844e-14  0.004122  0.007558
150317133405   130   382       5  0.7332    0.05       0     11.98     6.302     14.09      10.6  5.91e-14  0.004117  0.007548
150317133405   130   382       5  0.7331    0.05       0     11.97     6.297     14.08     10.61  5.98e-14  0.004112  0.007539
150317133405   130   382       5   0.733    0.05       0     11.97     6.292     14.08     10.62 6.064e-14  0.004106  0.007529
150317133405   130   382       5  0.7329    0.05       0     11.96     6.287     14.08     10.64 6.162e-14  0.004101  0.007519
150317133405   130   382       5  0.7328    0.05       0     11.95     6.282     14.08     10.65 6.275e-14  0.004096  0.007509
150317133405   130   382       5  0.7327    0.05       0     11.94     6.277     14.08     10.66 6.414e-14   0.00409    0.0075
150317133405   130   382       5  0.7326    0.05       0     11.93     6.272     14.08     10.67 6.577e-14  0.004085   0.00749
150317133405   130   382       5  0.7325    0.05       0     11.92     6.267     14.08     10.68 6.784e-14  0.004079   0.00748
150317133405   130   382       5  0.7324    0.05       0     11.92     6.262     14.08      10.7 7.043e-14  0.004074   0.00747
150317133405   130   382       5  0.7323    0.05       0     11.91     6.257     14.07     10.71 7.375e-14  0.004069  0.007461
150317133405   130   382       5  0.7322    0.05       0      11.9     6.252     14.07     10.72 7.806e-14  0.004063  0.007451
150317133405   130   382       5  0.7321    0.05       0     11.89     6.247     14.07     10.73  8.39e-14  0.004058  0.007441
150317133405   130   382       5   0.732    0.05       0     11.88     6.243     14.07     10.74 9.188e-14  0.004053  0.007432
150317133405   130   382       5  0.7319    0.05       0     11.88     6.238     14.07     10.75 1.031e-13  0.004047  0.007422
150317133405   130   382       5  0.7318    0.05       0     11.87     6.233     14.07     10.77 1.199e-13  0.004042  0.007412
150317133405   130   382       5  0.7317    0.05       0     11.86     6.228     14.07     10.78 1.457e-13  0.004037  0.007403
150317133405   130   382       5  0.7316    0.05       0     11.85     6.223     14.07     10.79 1.881e-13  0.004032  0.007393
150317133405   130   382       5  0.7315    0.05       0     11.84     6.218     14.07      10.8 2.626e-13  0.004026  0.007384
150317133405   130   382       5  0.7314    0.05       0     11.84     6.213     14.06     10.81  4.06e-13  0.004021  0.007374
150317133405   130   382       5  0.7313    0.05       0     11.83     6.208     14.06     10.83 7.155e-13  0.004016  0.007365
150317133405   130   382       5  0.7312    0.05       0     11.82     6.204     14.06     10.84 1.492e-12  0.004011  0.007355
150317133405   130   382       5  0.7311    0.05       0     11.81     6.199     14.06     10.85 3.868e-12  0.004006  0.007346
150317133405   130   382       5   0.731    0.05       0      11.8     6.194     14.06     10.86 1.349e-11  0.004001  0.007338
150317133405   130   382       5  0.7309    0.05       0      11.8     6.189     14.06     10.87 7.357e-11  0.003996   0.00733
150317133405   130   382       5  0.7308    0.05       0     11.79     6.184     14.06     10.88 9.099e-10  0.003993  0.007324
150317133405   130   382       5  0.7307    0.05       0     11.78      6.18     14.06     10.89 1.625e-07  0.004002  0.007349
150317133405   130   382       5  0.7306    0.05       0     11.77     6.174     14.05     10.91 8.822e-07  0.003933  0.007197
150317133405   130   382       5  0.7305    0.05       0     11.77      6.17     14.05     10.92 3.274e-07   0.00397   0.00728
150317133405   130   382       5  0.7304    0.05       0     11.76     6.165     14.05     10.93 1.146e-09  0.003965  0.007272
150317133405   130   382       5  0.7303    0.05       0     11.75      6.16     14.05     10.94 7.917e-11   0.00396  0.007263
150317133405   130   382       5  0.7302    0.05       0     11.74     6.155     14.05     10.95 1.212e-11  0.003956  0.007254
150317133405   130   382       5  0.7301    0.05       0     11.73      6.15     14.05     10.97 2.655e-12   0.00395  0.007245
150317133405   130   382       5    0.73    0.05       0     11.72     6.145     14.05     10.98 6.894e-13  0.003945  0.007236
150317163309   130   382       5  0.7299    0.05       0     11.72     6.144     14.05     10.98 6.393e-14  0.004037  0.007616
150317163309   130   382       5  0.7298    0.05       0     11.72     6.139     14.05     10.99  6.41e-14  0.004032  0.007607
150317163309   130   382       5  0.7297    0.05       0     11.71     6.134     14.04        11 6.431e-14  0.004027  0.007598
150317163309   130   382       5  0.7296    0.05       0      11.7      6.13     14.04     11.01 6.452e-14  0.004022  0.007589
150317163309   130   382       5  0.7295    0.05       0     11.69     6.125     14.04     11.03 6.466e-14  0.004018   0.00758
150317163309   130   382       5  0.7294    0.05       0     11.68      6.12     14.04     11.04 6.491e-14  0.004013  0.007571
150317163309   130   382       5  0.7293    0.05       0     11.68     6.115     14.04     11.05 6.512e-14  0.004008  0.007562
150317163309   130   382       5  0.7292    0.05       0     11.67     6.111     14.04     11.06 6.533e-14  0.004003  0.007554
150317163309   130   382       5  0.7291    0.05       0     11.66     6.106     14.04     11.07 6.554e-14  0.003998  0.007545
150317163309   130   382       5   0.729    0.05       0     11.65     6.101     14.04     11.08 6.576e-14  0.003994  0.007536
150317163309   130   382       5  0.7289    0.05       0     11.64     6.096     14.03     11.09 6.596e-14  0.003989  0.007527
150317163309   130   382       5  0.7288    0.05       0     11.64     6.091     14.03     11.11 6.616e-14  0.003984  0.007518
150317163309   130   382       5  0.7287    0.05       0     11.63     6.087     14.03     11.12 6.637e-14  0.003979  0.007509
150317163309   130   382       5  0.7286    0.05       0     11.62     6.082     14.03     11.13 6.658e-14  0.003974    0.0075
150317163309   130   382       5  0.7285    0.05       0     11.61     6.077     14.03     11.14 6.679e-14   0.00397  0.007491
150317163309   130   382       5  0.7284    0.05       0      11.6     6.072     14.03     11.15 6.699e-14  0.003965  0.007483
150317163309   130   382       5  0.7283    0.05       0      11.6     6.068     14.03     11.16  6.72e-14   0.00396  0.007474
150317163309   130   382       5  0.7282    0.05       0     11.59     6.063     14.03     11.17 6.747e-14  0.003955  0.007465
150317163309   130   382       5  0.7281    0.05       0     11.58     6.058     14.03     11.19 6.762e-14  0.003951  0.007456
150317163309   130   382       5   0.728    0.05       0     11.57     6.053     14.02      11.2  6.79e-14  0.003946  0.007447
150317163309   130   382       5  0.7279    0.05       0     11.57     6.049     14.02     11.21 6.811e-14  0.003941  0.007438
150317163309   130   382       5  0.7278    0.05       0     11.56     6.044     14.02     11.22 6.833e-14  0.003936  0.007429
150317163309   130   382       5  0.7277    0.05       0     11.55     6.039     14.02     11.23 6.853e-14  0.003932  0.007421
150317163309   130   382       5  0.7276    0.05       0     11.54     6.035     14.02     11.24 6.878e-14  0.003927  0.007412
150317163309   130   382       5  0.7275    0.05       0     11.53      6.03     14.02     11.25 6.899e-14  0.003922  0.007403
150317163309   130   382       5  0.7274    0.05       0     11.53     6.025     14.02     11.27 6.924e-14  0.003917  0.007394
150317163309   130   382       5  0.7273    0.05       0     11.52      6.02     14.02     11.28 6.943e-14  0.003913  0.007385
150317163309   130   382       5  0.7272    0.05       0     11.51     6.016     14.02     11.29 6.968e-14  0.003908  0.007377
150317163309   130   382       5  0.7271    0.05       0      11.5     6.011     14.01      11.3 6.992e-14  0.003903  0.007368
150317163309   130   382       5   0.727    0.05       0      11.5     6.006     14.01     11.31 7.015e-14  0.003898  0.007359
150317163309   130   382       5  0.7269    0.05       0     11.49     6.002     14.01     11.32 7.037e-14  0.003894   0.00735
150317163309   130   382       5  0.7268    0.05       0     11.48     5.997     14.01     11.33  7.06e-14  0.003889  0.007341
150317163309   130   382       5  0.7267    0.05       0     11.47     5.992     14.01     11.35 7.085e-14  0.003884  0.007333
150317163309   130   382       5  0.7266    0.05       0     11.46     5.988     14.01     11.36 7.113e-14   0.00388  0.007324
150317163309   130   382       5  0.7265    0.05       0     11.46     5.983     14.01     11.37 7.135e-14  0.003875  0.007315
150317163309   130   382       5  0.7264    0.05       0     11.45     5.978     14.01     11.38 7.159e-14   0.00387  0.007306
150317163309   130   382       5  0.7263    0.05       0     11.44     5.974        14     11.39 7.188e-14  0.003865  0.007297
150317163309   130   382       5  0.7262    0.05       0     11.43     5.969        14      11.4  7.21e-14  0.003861  0.007289
150317163309   130   382       5  0.7261    0.05       0     11.43     5.964        14     11.41 7.238e-14  0.003856   0.00728
150317163309   130   382       5   0.726    0.05       0     11.42      5.96        14     11.42 7.263e-14  0.003851  0.007271
150317163309   130   382       5  0.7259    0.05       0     11.41     5.955        14     11.43 7.288e-14  0.003847  0.007262
150317163309   130   382       5  0.7258    0.05       0      11.4     5.951        14     11.45 7.316e-14  0.003842  0.007254
150317163309   130   382       5  0.7257    0.05       0      11.4     5.946        14     11.46 7.343e-14  0.003837  0.007245
150317163309   130   382       5  0.7256    0.05       0     11.39     5.941        14     11.47 7.371e-14  0.003832  0.007236
150317163309   130   382       5  0.7255    0.05       0     11.38     5.937        14     11.48 7.403e-14  0.003828  0.007227
150317163309   130   382       5  0.7254    0.05       0     11.37     5.932     13.99     11.49 7.428e-14  0.003823  0.007219
150317163309   130   382       5  0.7253    0.05       0     11.36     5.927     13.99      11.5 7.457e-14  0.003818   0.00721
150317163309   130   382       5  0.7252    0.05       0     11.36     5.923     13.99     11.51 7.488e-14  0.003814  0.007201
150317163309   130   382       5  0.7251    0.05       0     11.35     5.918     13.99     11.52 7.519e-14  0.003809  0.007192
150317163309   130   382       5   0.725    0.05       0     11.34     5.914     13.99     11.53 7.548e-14  0.003804  0.007184
150317163309   130   382       5  0.7249    0.05       0     11.33     5.909     13.99     11.55 7.585e-14    0.0038  0.007175
150317163309   130   382       5  0.7248    0.05       0     11.33     5.905     13.99     11.56 7.617e-14  0.003795  0.007166
150317163309   130   382       5  0.7247    0.05       0     11.32       5.9     13.99     11.57 7.653e-14   0.00379  0.007158
150317163309   130   382       5  0.7246    0.05       0     11.31     5.895     13.99     11.58 7.689e-14  0.003786  0.007149
150317163309   130   382       5  0.7245    0.05       0      11.3     5.891     13.98     11.59 7.731e-14  0.003781   0.00714
150317163309   130   382       5  0.7244    0.05       0      11.3     5.886     13.98      11.6 7.768e-14  0.003776  0.007132
150317163309   130   382       5  0.7243    0.05       0     11.29     5.882     13.98     11.61 7.813e-14  0.003772  0.007123
150318111508   130   382       5    0.74    0.05       0     12.55     6.651     14.17     9.757 9.767e-11  0.004493  0.008231
150318111508   130   382       5  0.7402    0.05       0     12.57     6.661     14.17     9.731 7.448e-13  0.004505  0.008251
150318111508   130   382       5  0.7404    0.05       0     12.59     6.672     14.17     9.706   7.4e-13  0.004516  0.008272
150318111508   130   382       5  0.7406    0.05       0     12.61     6.683     14.18      9.68 7.352e-13  0.004527  0.008292
150318111508   130   382       5  0.7408    0.05       0     12.62     6.693     14.18     9.654 7.305e-13  0.004539  0.008313
150318111508   130   382       5   0.741    0.05       0     12.64     6.704     14.18     9.628 7.259e-13   0.00455  0.008334
150318111508   130   382       5  0.7412    0.05       0     12.66     6.715     14.18     9.603 7.214e-13  0.004562  0.008354
150318111508   130   382       5  0.7414    0.05       0     12.68     6.725     14.19     9.577 7.169e-13  0.004573  0.008375
150318111508   130   382       5  0.7416    0.05       0     12.69     6.736     14.19     9.551 7.124e-13  0.004585  0.008396
150318111508   130   382       5  0.7418    0.05       0     12.71     6.747     14.19     9.525 7.081e-13  0.004596  0.008416
150318111508   130   382       5   0.742    0.05       0     12.73     6.758     14.19     9.499 7.038e-13  0.004608  0.008437
150318111508   130   382       5  0.7422    0.05       0     12.75     6.768      14.2     9.472 6.995e-13  0.004619  0.008458
150318111508   130   382       5  0.7424    0.05       0     12.76     6.779      14.2     9.446 6.953e-13  0.004631  0.008479
150318111508   130   382       5  0.7426    0.05       0     12.78      6.79      14.2      9.42 6.911e-13  0.004642    0.0085
150318111508   130   382       5  0.7428    0.05       0      12.8     6.801      14.2     9.394  6.87e-13  0.004654  0.008521
150318111508   130   382       5   0.743    0.05       0     12.82     6.812     14.21     9.368  6.83e-13  0.004665  0.008541
150318111508   130   382       5  0.7432    0.05       0     12.83     6.823     14.21     9.341  6.79e-13  0.004677  0.008562
150318113154   130   382       5    0.79    0.05  0.0001     17.79     9.981     14.91     1.718 3.418e-14  0.009072    0.0163
150318113154   130   382       5    0.79    0.05  0.0002     17.79     9.984     14.91     1.711 3.484e-14  0.009078   0.01631
150318113154   130   382       5    0.79    0.05  0.0003      17.8     9.987     14.91     1.704 3.551e-14  0.009084   0.01633
150318113154   130   382       5    0.79    0.05  0.0004      17.8     9.989     14.91     1.697 3.621e-14   0.00909   0.01634
150318113154   130   382       5    0.79    0.05  0.0005     17.81     9.992     14.91     1.689 3.692e-14  0.009096   0.01636
150318113154   130   382       5    0.79    0.05  0.0006     17.81     9.995     14.91     1.682 3.764e-14  0.009102   0.01638
150318113154   130   382       5    0.79    0.05  0.0007     17.82     9.997     14.92     1.675 3.842e-14  0.009108   0.01639
150318113154   130   382       5    0.79    0.05  0.0008     17.82        10     14.92     1.668 3.922e-14  0.009114   0.01641
150318113154   130   382       5    0.79    0.05  0.0009     17.82        10     14.92      1.66 4.001e-14  0.009119   0.01643
150318125946   130   382       5    0.79    0.05   0.001     17.83     10.01     14.92     1.653 4.202e-15  0.009125   0.01644
150318125946   130   382       5    0.79    0.05   0.002     17.87     10.03     14.92     1.581 5.274e-10  0.009185   0.01661
150318125946   130   382       5    0.79    0.05   0.003     17.92     10.06     14.92     1.507 6.552e-10  0.009246   0.01678
150318125946   130   382       5    0.79    0.05   0.004     17.96     10.09     14.93     1.433 8.231e-10  0.009308   0.01696
150318125946   130   382       5    0.79    0.05   0.005     18.01     10.11     14.93     1.359 1.047e-09   0.00937   0.01715
150318125946   130   382       5    0.79    0.05   0.006     18.06     10.14     14.94     1.283 1.351e-09  0.009434   0.01735
150318125946   130   382       5    0.79    0.05   0.007      18.1     10.17     14.94     1.207  1.77e-09  0.009498   0.01755
150318125946   130   382       5    0.79    0.05   0.008     18.15      10.2     14.94      1.13  2.36e-09  0.009563   0.01777
150318125946   130   382       5    0.79    0.05   0.009      18.2     10.23     14.95     1.052 3.211e-09  0.009629     0.018
150318125946   130   382       5    0.79    0.05    0.01     18.25     10.25     14.95    0.9728 4.472e-09  0.009696   0.01825
150318125946   130   382       5    0.79    0.05   0.011     18.29     10.28     14.95    0.8926 6.403e-09  0.009763    0.0185
150318132112   130   382       5    0.79    0.05   0.011     18.29     10.28     14.95    0.8929 5.843e-14  0.009763   0.01851
150318132112   130   382       5    0.79    0.05   0.012     18.34     10.31     14.96    0.8109 9.474e-09   0.00983   0.01878
150318132112   130   382       5    0.79    0.05   0.013      18.4     10.34     14.96    0.7277 1.459e-08  0.009897   0.01908
150318132112   130   382       5    0.79    0.05   0.014     18.45     10.37     14.97    0.6426 2.365e-08  0.009964    0.0194
150318132112   130   382       5    0.79    0.05   0.015      18.5     10.41     14.97     0.555 4.091e-08   0.01003   0.01975
150318132112   130   382       5    0.79    0.05   0.016     18.56     10.44     14.97    0.4641 7.743e-08   0.01009   0.02014
150318132112   130   382       5    0.79    0.05   0.017     18.61     10.47     14.98    0.3676 1.672e-07   0.01015   0.02056
150318132112   130   382       5    0.79    0.05   0.018     18.68     10.51     14.98    0.2573 4.497e-07    0.0102   0.02103
150318132112   130   382       5    0.79    0.05   0.019     18.73     10.54     14.98    0.1751 7.461e-08   0.01026   0.02164
150318132112   130   382       5    0.79    0.05    0.02     18.93     10.16     15.06  0.004172 4.644e-07   0.01059  0.003274
150318132112   130   382       5    0.79    0.05   0.021      18.9     10.14     15.07   0.04896 1.807e-11   0.01112  0.003302
150318132112   130   382       5    0.79    0.05   0.022      18.9     10.14     15.08   0.05397 1.025e-11   0.01112  0.003301
150318132112   130   382       5    0.79    0.05   0.023      18.9     10.14     15.09   0.05898  9.89e-12   0.01112  0.003301
150318132112   130   382       5    0.79    0.05   0.024      18.9     10.14     15.09   0.06399 9.551e-12   0.01113    0.0033
150318132112   130   382       5    0.79    0.05   0.025      18.9     10.14      15.1     0.069 9.229e-12   0.01113  0.003299
150318132112   130   382       5    0.79    0.05   0.026      18.9     10.13     15.11   0.07401 8.922e-12   0.01113  0.003298
150318132112   130   382       5    0.79    0.05   0.027      18.9     10.13     15.12   0.07901  8.63e-12   0.01114  0.003297
150318132112   130   382       5    0.79    0.05   0.028      18.9     10.13     15.12   0.08401 8.351e-12   0.01114  0.003296
150318132112   130   382       5    0.79    0.05   0.029      18.9     10.13     15.13   0.08901 8.086e-12   0.01114  0.003296
150318132112   130   382       5    0.79    0.05    0.03      18.9     10.13     15.14   0.09401 7.832e-12   0.01115  0.003295
150318132112   130   382       5    0.79    0.05   0.031      18.9     10.12     15.15   0.09901  7.59e-12   0.01115  0.003294
150318132112   130   382       5    0.79    0.05   0.032      18.9     10.12     15.16     0.104 7.359e-12   0.01115  0.003293
150318132112   130   382       5    0.79    0.05   0.033      18.9     10.12     15.16     0.109 7.138e-12   0.01116  0.003292
150318132112   130   382       5    0.79    0.05   0.034      18.9     10.12     15.17     0.114 6.927e-12   0.01116   0.00329
150318132112   130   382       5    0.79    0.05   0.035      18.9     10.12     15.18     0.119 6.724e-12   0.01116  0.003289
150318132112   130   382       5    0.79    0.05   0.036      18.9     10.11     15.19    0.1239  6.53e-12   0.01116  0.003288
150318132112   130   382       5    0.79    0.05   0.037      18.9     10.11     15.19    0.1289 6.345e-12   0.01117  0.003287
150318132112   130   382       5    0.79    0.05   0.038      18.9     10.11      15.2    0.1339 6.167e-12   0.01117  0.003286
150318132112   130   382       5    0.79    0.05   0.039      18.9     10.11     15.21    0.1389 5.996e-12   0.01117  0.003285
150318132112   130   382       5    0.79    0.05    0.04     18.91     10.11     15.22    0.1439 5.832e-12   0.01117  0.003283
150318132112   130   382       5    0.79    0.05   0.041     18.91      10.1     15.23    0.1488 5.674e-12   0.01118  0.003282
150318132112   130   382       5    0.79    0.05   0.042     18.91      10.1     15.23    0.1538 5.523e-12   0.01118  0.003281
150318132112   130   382       5    0.79    0.05   0.043     18.91      10.1     15.24    0.1588 5.378e-12   0.01118  0.003279
150318132112   130   382       5    0.79    0.05   0.044     18.91      10.1     15.25    0.1637 5.238e-12   0.01118  0.003278
150318132112   130   382       5    0.79    0.05   0.045     18.91      10.1     15.26    0.1687 5.103e-12   0.01119  0.003277
150318132112   130   382       5    0.79    0.05   0.046     18.91      10.1     15.26    0.1737 4.974e-12   0.01119  0.003275
150318132112   130   382       5    0.79    0.05   0.047     18.91     10.09     15.27    0.1786 4.849e-12   0.01119  0.003274
150318132112   130   382       5    0.79    0.05   0.048     18.91     10.09     15.28    0.1836 4.729e-12   0.01119  0.003272
150318132112   130   382       5    0.79    0.05   0.049     18.91     10.09     15.29    0.1885 4.613e-12    0.0112  0.003271
150318132112   130   382       5    0.79    0.05    0.05     18.91     10.09     15.29    0.1935 4.501e-12    0.0112  0.003269
150318132112   130   382       5    0.79    0.05   0.051     18.91     10.09      15.3    0.1984 4.393e-12    0.0112  0.003268
150318132112   130   382       5    0.79    0.05   0.052     18.91     10.08     15.31    0.2034 4.289e-12    0.0112  0.003266
150318132112   130   382       5    0.79    0.05   0.053     18.91     10.08     15.32    0.2083 4.188e-12    0.0112  0.003264
150318132112   130   382       5    0.79    0.05   0.054     18.91     10.08     15.33    0.2133 4.091e-12   0.01121  0.003263
150318132112   130   382       5    0.79    0.05   0.055     18.91     10.08     15.33    0.2182 3.997e-12   0.01121  0.003261
150318132112   130   382       5    0.79    0.05   0.056     18.91     10.08     15.34    0.2232 3.907e-12   0.01121  0.003259
150318132112   130   382       5    0.79    0.05   0.057     18.91     10.07     15.35    0.2281 3.819e-12   0.01121  0.003257
150318132112   130   382       5    0.79    0.05   0.058     18.91     10.07     15.36    0.2331 3.734e-12   0.01121  0.003256
150318132112   130   382       5    0.79    0.05   0.059     18.91     10.07     15.36     0.238 3.652e-12   0.01121  0.003254
150318143154   130   382       5    0.79    0.05    0.07     18.91     10.05     15.45     0.292 1.829e-09   0.01123  0.003232
150318143154   130   382       5    0.79    0.05    0.08     18.91     10.03     15.52     0.341 1.724e-09   0.01124  0.003208
150318143154   130   382       5    0.79    0.05    0.09     18.91     10.01      15.6    0.3899 1.627e-09   0.01124  0.003182
150318143154   130   382       5    0.79    0.05     0.1     18.91     9.991     15.68    0.4386 1.537e-09   0.01124  0.003152
150318144730   130   382       5    0.79    0.05     0.1     18.91     9.991     15.68    0.4387 9.938e-15   0.01124  0.003152
150318144730   130   382       5    0.79    0.05    0.11     18.91     9.972     15.75    0.4871 1.454e-09   0.01124   0.00312
150318144730   130   382       5    0.79    0.05    0.12     18.91     9.953     15.83    0.5355 1.377e-09   0.01123  0.003084
150318144730   130   382       5    0.79    0.05    0.13     18.91     9.934      15.9    0.5837 1.306e-09   0.01121  0.003046
150318144730   130   382       5    0.79    0.05    0.14     18.91     9.915     15.98    0.6317 1.239e-09   0.01119  0.003004
150318144730   130   382       5    0.79    0.05    0.15     18.91     9.896     16.05    0.6797 1.177e-09   0.01117  0.002959
150318144730   130   382       5    0.79    0.05    0.16     18.91     9.877     16.13    0.7275 1.119e-09   0.01114  0.002911
150318144730   130   382       5    0.79    0.05    0.17     18.91     9.858      16.2    0.7751 1.065e-09   0.01111  0.002861
150318144730   130   382       5    0.79    0.05    0.18     18.91     9.839     16.27    0.8227 1.014e-09   0.01107  0.002807
150318144730   130   382       5    0.79    0.05    0.19     18.91     9.821     16.35    0.8701 9.664e-10   0.01102   0.00275
150318144730   130   382       5    0.79    0.05     0.2     18.91     9.802     16.42    0.9174 9.217e-10   0.01098   0.00269
150318144730   130   382       5    0.79    0.05    0.21     18.91     9.783     16.49    0.9646 8.795e-10   0.01092  0.002627
150318144730   130   382       5    0.79    0.05    0.22     18.91     9.764     16.57     1.012 8.398e-10   0.01087  0.002562
150318144730   130   382       5    0.79    0.05    0.23     18.91     9.745     16.64     1.059 8.024e-10   0.01081  0.002493
150318144730   130   382       5    0.79    0.05    0.24     18.91     9.727     16.71     1.106  7.67e-10   0.01074  0.002421
150318144730   130   382       5    0.79    0.05    0.25     18.91     9.708     16.78     1.153 7.336e-10   0.01067  0.002346
150318144730   130   382       5    0.79    0.05    0.26     18.91     9.689     16.85     1.199 7.019e-10   0.01059  0.002269
150318144730   130   382       5    0.79    0.05    0.27     18.91      9.67     16.93     1.246 6.719e-10   0.01051  0.002188
150318144730   130   382       5    0.79    0.05    0.28     18.91     9.652        17     1.293 6.434e-10   0.01043  0.002104
150318144730   130   382       5    0.79    0.05    0.29     18.92     9.633     17.07     1.339 6.163e-10   0.01034  0.002018
150318144730   130   382       5    0.79    0.05     0.3     18.92     9.614     17.14     1.386 5.905e-10   0.01025  0.001929
150318144730   130   382       5    0.79    0.05    0.31     18.92     9.596     17.21     1.433  5.66e-10   0.01015  0.001836
150318144730   130   382       5    0.79    0.05    0.32     18.92     9.577     17.28     1.479 5.426e-10   0.01005  0.001741
150318144730   130   382       5    0.79    0.05    0.33     18.92     9.558     17.35     1.525 5.202e-10  0.009939  0.001643
150318144730   130   382       5    0.79    0.05    0.34     18.92      9.54     17.42     1.572 4.989e-10  0.009827  0.001542
150318144730   130   382       5    0.79    0.05    0.35     18.92     9.521     17.49     1.618 4.785e-10  0.009711  0.001438
150318144730   130   382       5    0.79    0.05    0.36     18.92     9.503     17.56     1.665 4.589e-10   0.00959  0.001331
150318144730   130   382       5    0.79    0.05    0.37     18.92     9.484     17.63     1.711 4.402e-10  0.009465  0.001222
150318144730   130   382       5    0.79    0.05    0.38     18.92     9.465      17.7     1.757 4.222e-10  0.009336   0.00111
150318144730   130   382       5    0.79    0.05    0.39     18.92     9.447     17.77     1.803  4.05e-10  0.009202 0.0009945
150318144730   130   382       5    0.79    0.05     0.4     18.92     9.428     17.83      1.85 3.884e-10  0.009064 0.0008765
150318144730   130   382       5    0.79    0.05    0.41     18.92      9.41      17.9     1.896 3.724e-10  0.008921 0.0007558
150318144730   130   382       5    0.79    0.05    0.42     18.92     9.391     17.97     1.942 3.571e-10  0.008776 0.0006323
150318144730   130   382       5    0.79    0.05    0.43     18.92     9.373     18.04     1.989 3.423e-10  0.008626  0.000506
150318144730   130   382       5    0.79    0.05    0.44     18.92     9.354     18.11     2.035 3.281e-10  0.008472  0.000377
150318144730   130   382       5    0.79    0.05    0.45     18.92     9.335     18.18     2.081 3.143e-10  0.008314 0.0002453
150318144730   130   382       5    0.79    0.05    0.46     18.92     9.317     18.24     2.127  3.01e-10  0.008152 0.0001108
150318144730   130   382       5    0.79    0.05    0.47     18.92     9.298     18.31     2.174 2.882e-10  0.007985 2.637e-05
150318144730   130   382       5    0.79    0.05    0.48     18.92      9.28     18.38      2.22 2.758e-10  0.007815 0.0001662
150318144730   130   382       5    0.79    0.05    0.49     18.92     9.261     18.44     2.266 2.638e-10  0.007641 0.0003088
150318144730   130   382       5    0.79    0.05     0.5     18.92     9.243     18.51     2.313 2.521e-10  0.007463  0.000454
150318144730   130   382       5    0.79    0.05    0.51     18.92     9.224     18.58     2.359 2.409e-10  0.007281 0.0006019
150318144730   130   382       5    0.79    0.05    0.52     18.92     9.206     18.64     2.405   2.3e-10  0.007095 0.0007524
150318144730   130   382       5    0.79    0.05    0.53     18.92     9.187     18.71     2.452 2.194e-10  0.006907 0.0009055
150318144730   130   382       5    0.79    0.05    0.54     18.93     9.169     18.78     2.498 2.092e-10  0.006717  0.001061
150318154630   130   382       5    0.79    0.05    0.54     18.93     9.169     18.78     2.498 5.613e-14  0.006717  0.001061
150318154630   130   382       5    0.79    0.05    0.56     18.93     9.131     18.91     2.591 1.501e-09  0.006325  0.001381
150318154630   130   382       5    0.79    0.05    0.58     18.93     9.094     19.04     2.684 1.368e-09   0.00592   0.00171
150318154630   130   382       5    0.79    0.05     0.6     18.93     9.057     19.17     2.778  1.24e-09  0.005507   0.00205
150318154630   130   382       5    0.79    0.05    0.62     18.93      9.02      19.3     2.871 1.118e-09  0.005085    0.0024
150318154630   130   382       5    0.79    0.05    0.64     18.93     8.983     19.42     2.965 1.002e-09  0.004655  0.002761
150318154630   130   382       5    0.79    0.05    0.66     18.93     8.946     19.55     3.059 8.912e-10  0.004223  0.003131
150318154630   130   382       5    0.79    0.05    0.68     18.93     8.908     19.68     3.153 7.861e-10  0.003783  0.003511
150318154630   130   382       5    0.79    0.05     0.7     18.93     8.871     19.81     3.247 6.867e-10  0.003337  0.003901
150318154630   130   382       5    0.79    0.05    0.72     18.93     8.834     19.93     3.342 5.932e-10  0.002887    0.0043
150318154630   130   382       5    0.79    0.05    0.74     18.93     8.796     20.06     3.436 5.057e-10  0.002601   0.00471
150318154630   130   382       5    0.79    0.05    0.76     18.93     8.759     20.18     3.531 4.245e-10  0.003087  0.005129
150318154630   130   382       5    0.79    0.05    0.78     18.93     8.722      20.3     3.626 3.498e-10  0.003571  0.005558
150318154630   130   382       5    0.79    0.05     0.8     18.93     8.684     20.43     3.722 2.818e-10  0.004051  0.005996
150318154630   130   382       5    0.79    0.05    0.82     18.93     8.647     20.55     3.817 2.207e-10  0.004525  0.006444
150318154630   130   382       5    0.79    0.05    0.84     18.93     8.609     20.67     3.913 1.668e-10   0.00499  0.006901
150318154630   130   382       5    0.79    0.05    0.86     18.92     8.572     20.79     4.009 1.204e-10  0.005446  0.007368
150318154630   130   382       5    0.79    0.05    0.88     18.92     8.534     20.91     4.105 8.152e-11  0.005889  0.007844
150318154630   130   382       5    0.79    0.05     0.9     18.92     8.496     21.03     4.202 5.046e-11  0.006317  0.008329
150318154630   130   382       5    0.79    0.05    0.92     18.92     8.459     21.14     4.299 2.732e-11  0.006731  0.008824
150318154630   130   382       5    0.79    0.05    0.94     18.92     8.421     21.26     4.395 1.215e-11   0.00713  0.009328
150318154630   130   382       5    0.79    0.05    0.96     18.92     8.383     21.38     4.492 4.657e-12  0.007508  0.009841
150318154630   130   382       5    0.79    0.05    0.98     18.92     8.345     21.49      4.59 4.078e-12  0.007864   0.01036
150318154630   130   382       5    0.79    0.05       1     18.92     8.307     21.61     4.687 1.234e-11  0.008195   0.01089
150318162233   130   382       5    0.74    0.05       0     12.55     6.651     14.17     9.757 9.767e-11  0.004493  0.008231
150318162233   130   382       5    0.74    0.05    0.01     12.83     6.807      14.2     9.334 1.492e-09  0.004636  0.009167
150318162233   130   382       5    0.74    0.05    0.02     13.11     6.963     14.22     8.904 1.866e-09  0.004787  0.009476
150318162233   130   382       5    0.74    0.05    0.03      13.4     7.126     14.25     8.457 2.384e-09  0.004948  0.009809
150318162233   130   382       5    0.74    0.05    0.04     13.71     7.294     14.28     7.992 3.117e-09  0.005119   0.01017
150318162233   130   382       5    0.74    0.05    0.05     14.02     7.469     14.31     7.508 4.184e-09  0.005302   0.01056
150318162233   130   382       5    0.74    0.05    0.06     14.34     7.651     14.34     7.005 5.789e-09  0.005497   0.01098
150318162233   130   382       5    0.74    0.05    0.07     14.68      7.84     14.37      6.48 8.306e-09  0.005705   0.01144
150318162233   130   382       5    0.74    0.05    0.08     15.02     8.037      14.4     5.932 1.246e-08  0.005928   0.01195
150318162233   130   382       5    0.74    0.05    0.09     15.38     8.242     14.43     5.359  1.98e-08  0.006167   0.01252
150318162233   130   382       5    0.74    0.05     0.1     15.76     8.456     14.46     4.758 3.401e-08  0.006423   0.01316
150318162233   130   382       5    0.74    0.05    0.11     16.15     8.681     14.49     4.127 6.548e-08  0.006698   0.01389
150318162233   130   382       5    0.74    0.05    0.12     16.57     8.917     14.52     3.459 1.511e-07   0.00699   0.01475
150318162233   130   382       5    0.74    0.05    0.13     17.01     9.169     14.54     2.739 4.835e-07  0.007294   0.01576
150318162233   130   382       5    0.74    0.05    0.14     17.47     9.435     14.57     1.985 1.161e-07  0.007629   0.01711
150318165207   130   382       5    0.74    0.05       0     12.55     6.651     14.17     9.757 9.767e-11  0.004493  0.008231
150318165207   130   382       5    0.74    0.05   0.001     12.59      6.67     14.17     9.708 1.351e-13  0.004507  0.008906
150318165207   130   382       5    0.74    0.05   0.002     12.61     6.685     14.17     9.667 1.378e-13  0.004521  0.008934
150318165207   130   382       5    0.74    0.05   0.003     12.64       6.7     14.18     9.626 1.407e-13  0.004535  0.008963
150318165207   130   382       5    0.74    0.05   0.004     12.67     6.715     14.18     9.585 1.436e-13  0.004549  0.008991
150318165207   130   382       5    0.74    0.05   0.005     12.69      6.73     14.18     9.543 1.466e-13  0.004564   0.00902
150318165207   130   382       5    0.74    0.05   0.006     12.72     6.746     14.18     9.502 1.498e-13  0.004578  0.009049
150318165207   130   382       5    0.74    0.05   0.007     12.75     6.761     14.19      9.46 1.529e-13  0.004592  0.009078
150318165207   130   382       5    0.74    0.05   0.008     12.78     6.776     14.19     9.418 1.562e-13  0.004607  0.009108
150318165207   130   382       5    0.74    0.05   0.009      12.8     6.791     14.19     9.376 1.596e-13  0.004621  0.009137
150318165207   130   382       5    0.74    0.05    0.01     12.83     6.807      14.2     9.334 1.631e-13  0.004636  0.009167
150318172454   130   382       5    0.74    0.05    0.01     12.83     6.807      14.2     9.334 6.156e-15  0.004636  0.009167
150324115859   130   382       5    0.74    0.05   0.105     15.95     8.567     14.47     4.447 2.953e-09  0.006559   0.01352
150324115859   130   382       5    0.74    0.05    0.11     16.15      8.68     14.49     4.128 4.132e-09  0.006699    0.0139
150324115859   130   382       5    0.74    0.05   0.115     16.36     8.797      14.5       3.8 6.024e-09  0.006844   0.01431
150324115859   130   382       5    0.74    0.05    0.12     16.57     8.916     14.52     3.462 9.251e-09  0.006994   0.01475
150324115859   130   382       5    0.74    0.05   0.125     16.78     9.039     14.53     3.113 1.521e-08  0.007148   0.01524
150324115859   130   382       5    0.74    0.05    0.13        17     9.166     14.54     2.753 2.737e-08  0.007306   0.01579
150324115859   130   382       5    0.74    0.05   0.135     17.23     9.297     14.56     2.379 5.579e-08  0.007467    0.0164
150324115859   130   382       5    0.74    0.05    0.14     17.47     9.434     14.57     1.987 1.364e-07  0.007626    0.0171
150324115859   130   382       5    0.74    0.05   0.145     17.72     9.579     14.58     1.566 4.494e-07  0.007774   0.01791
150324115859   130   382       5    0.74    0.05    0.15     17.98     9.728     14.59     1.141 1.436e-07  0.007919   0.01896
150324130028   130   382       5    0.74    0.05   0.145     17.71     9.576     14.58     1.582 3.876e-13  0.007784   0.01794
150324130028   130   382       5    0.74    0.05   0.146     17.76     9.605     14.58     1.498 6.475e-10  0.007813   0.01812
150324130028   130   382       5    0.74    0.05   0.147     17.82     9.635     14.58     1.412 8.275e-10  0.007842   0.01832
150324130028   130   382       5    0.74    0.05   0.148     17.87     9.665     14.59     1.326 1.072e-09  0.007869   0.01852
150324130028   130   382       5    0.74    0.05   0.149     17.92     9.695     14.59     1.238 1.411e-09  0.007895   0.01873
150324130028   130   382       5    0.74    0.05    0.15     17.97     9.726     14.59     1.149 1.887e-09  0.007919   0.01895
150324130028   130   382       5    0.74    0.05   0.151     18.03     9.757     14.59     1.058 2.572e-09  0.007941   0.01919
150324130028   130   382       5    0.74    0.05   0.152     18.08     9.789     14.59    0.9663  3.58e-09  0.007961   0.01943
150324130028   130   382       5    0.74    0.05   0.153     18.14     9.821      14.6    0.8729 5.102e-09  0.007977    0.0197
150324130028   130   382       5    0.74    0.05   0.154      18.2     9.853      14.6    0.7779 7.467e-09   0.00799   0.01997
150324130028   130   382       5    0.74    0.05   0.155     18.26     9.886      14.6    0.6812 1.126e-08  0.007998   0.02027
150324130028   130   382       5    0.74    0.05   0.156     18.31      9.92      14.6    0.5829 1.756e-08     0.008   0.02058
150324130028   130   382       5    0.74    0.05   0.157     18.37     9.954      14.6    0.4827 2.844e-08  0.007996   0.02091
150324130028   130   382       5    0.74    0.05   0.158     18.44     9.989     14.61    0.3809 4.802e-08  0.007982   0.02127
150324130028   130   382       5    0.74    0.05   0.159      18.5     10.02     14.61    0.2773 8.478e-08  0.007958   0.02164
150324130028   130   382       5    0.74    0.05    0.16     18.56     10.06     14.61     0.172 1.564e-07  0.007922   0.02204
150324130028   130   382       5    0.74    0.05   0.161     18.63     10.09     14.61   0.06431 2.994e-07  0.007872   0.02245
150324130028   130   382       5    0.74    0.05   0.162      18.7     10.13     14.61  -0.04757 5.819e-07  0.007811   0.02286
150324130028   130   382       5    0.74    0.05   0.163     18.74     10.16     14.62   -0.1192 3.797e-08  0.007711   0.02337
150324130028   130   382       5    0.74    0.05   0.164     18.79     10.19     14.62   -0.2126 1.055e-07  0.007608   0.02382
150324130028   130   382       5    0.74    0.05   0.165     18.85     10.21     14.62   -0.2988 1.828e-07  0.007494   0.02424
150324130028   130   382       5    0.74    0.05   0.166     18.89     10.23     14.62   -0.3674 1.604e-07  0.007378   0.02462
150324130028   130   382       5    0.74    0.05   0.167     18.92     10.25     14.63   -0.4213 7.192e-08  0.007268   0.02494
150324130028   130   382       5    0.74    0.05   0.168     18.95     10.27     14.63   -0.4706 2.134e-08  0.007161   0.02522
150324130028   130   382       5    0.74    0.05   0.169     19.01     10.29     14.64   -0.5643 8.214e-07  0.007087   0.02543
150324130028   130   382       5    0.74    0.05    0.17     19.02      10.3     14.64   -0.5884 5.097e-07  0.006974   0.02568
150324130028   130   382       5    0.74    0.05   0.171     19.04     10.31     14.64   -0.6152 3.322e-07  0.006875   0.02589
150324130028   130   382       5    0.74    0.05   0.172     19.05     10.31     14.65   -0.6418 2.191e-07  0.006784   0.02607
150324130028   130   382       5    0.74    0.05   0.173     19.07     10.32     14.65   -0.6677 1.474e-07  0.006702   0.02623
150324130028   130   382       5    0.74    0.05   0.174     19.08     10.33     14.66   -0.6925 1.013e-07  0.006627   0.02636
150324130028   130   382       5    0.74    0.05   0.175      19.1     10.33     14.66   -0.7161 7.093e-08  0.006558   0.02648
