150807120837    0    0  130  382     5      0.79806            0            0       18.871       10.681       30.117   -0.0037541 1.8e-12   0.011   0.022
150807120837    0    3  130  382     5        0.798            0   7.8863e-05       18.869       10.681       30.115   -0.0012815 5.6e-10   0.011   0.023
150807120837    0    9  130  382     5      0.79799            0   0.00017878       18.868       10.682       30.116   0.00049805 4.3e-09   0.011   0.023
150807120837    0   11  130  382     5        0.798            0   0.00027878       18.867       10.683       30.116    0.0013136 1.9e-09   0.011   0.023
150807120837    0   13  130  382     5      0.79799            0   0.00037877       18.866       10.683       30.117    0.0025133 8.3e-09   0.011   0.023
150807120837    0   15  130  382     5      0.79799            0   0.00047862       18.865       10.684       30.118    0.0053585 5.9e-09   0.011   0.023
150807120837    0   28  130  382     5      0.79803            0    0.0005694        18.87       10.689        30.12   -0.0042092 5.1e-09   0.011   0.023
150807120837    0   30  130  382     5      0.79805            0    0.0006679       18.872       10.691       30.122   -0.0073638 4.6e-09   0.011   0.023
150807120837    0   33  130  382     5      0.79801            0   0.00076145       18.865       10.688       30.121    0.0034355 8.2e-09   0.011   0.023
150807120837    0   35  130  382     5        0.798            0    0.0008609       18.862       10.688       30.121    0.0083179 5.3e-09   0.011   0.023
150807120837    0   49  130  382     5      0.79804            0   0.00095206       18.868       10.692       30.124  -0.00073056 4.6e-09   0.011   0.023
150807120837    0   51  130  382     5      0.79805            0    0.0010515       18.868       10.694       30.125   -0.0017949   6e-09   0.011   0.023
150807120837    0   53  130  382     5      0.79807            0    0.0011507       18.869       10.696       30.126   -0.0031176 6.5e-09   0.011   0.023
150807120837    0   55  130  382     5      0.79809            0    0.0012486       18.871       10.699       30.128   -0.0066175 9.2e-09   0.011   0.023
150807120837    0   59  130  382     5      0.79808            0    0.0013484       18.868       10.699       30.129   -0.0017381 9.2e-09   0.011   0.023
150807120837    0   61  130  382     5       0.7981            0     0.001447       18.869       10.701        30.13   -0.0036608 9.2e-09   0.011   0.023
150807120837    0   63  130  382     5      0.79812            0    0.0015442       18.871       10.704       30.132    -0.007316 7.4e-09   0.011   0.023
150807120837    0   66  130  382     5       0.7981            0    0.0016426       18.865       10.702       30.132    0.0016477 7.1e-09   0.011   0.023
150807120837    0   68  130  382     5      0.79811            0    0.0017425       18.864       10.702       30.133    0.0037692 9.5e-09   0.011   0.023
150807120837    0   70  130  382     5      0.79811            0    0.0018425       18.861       10.702       30.134    0.0081095   6e-09   0.011   0.023
150807120837    0   81  130  382     5      0.79812            0    0.0019418        18.86       10.704       30.135     0.008643 9.3e-09   0.011   0.023
150807120839    0    0  130  382     5         0.79            0            0       17.774       9.9707       29.825       1.7416 9.6e-15  0.0091   0.015
150807120839    0    3  130  382     5      0.78993            0    0.0001868       17.775       9.9731       29.824       1.7405 1.5e-09  0.0091   0.016
150807120839    0    8  130  382     5      0.78998            0   0.00038032        17.78       9.9776       29.827       1.7313 3.4e-09  0.0091   0.016
150807120839    0   14  130  382     5      0.78999            0   0.00058003       17.781       9.9789       29.829       1.7302 8.8e-10  0.0091   0.016
150807120839    0   18  130  382     5      0.78993            0   0.00077141       17.773       9.9745       29.829       1.7427 3.9e-09  0.0091   0.016
150807120839    0   20  130  382     5      0.78993            0   0.00097141       17.772       9.9747        29.83       1.7441 5.4e-09  0.0091   0.016
150807120839    0   22  130  382     5      0.78992            0    0.0011713        17.77       9.9744       29.832       1.7468 1.6e-09  0.0091   0.016
150807120839    0   24  130  382     5       0.7899            0    0.0013704       17.766       9.9733       29.833       1.7516 3.2e-09  0.0091   0.016
150807120839    0   27  130  382     5      0.78994            0     0.001568       17.769        9.976       29.835        1.747 8.4e-09  0.0091   0.016
150807120839    0   29  130  382     5      0.78992            0    0.0017675       17.766       9.9753       29.837       1.7507 3.9e-09  0.0091   0.016
150807120839    0   35  130  382     5      0.78999            0    0.0019544       17.774       9.9813       29.841       1.7384 5.2e-09  0.0091   0.016
150807120839    0   37  130  382     5      0.79001            0    0.0021535       17.775       9.9831       29.843        1.736 6.7e-09  0.0091   0.016
150807120839    0   39  130  382     5      0.79005            0    0.0023498       17.779       9.9864       29.846       1.7303 9.7e-10  0.0091   0.016
150807120839    0   44  130  382     5         0.79            0    0.0025418       17.771       9.9821       29.845       1.7426 2.5e-09  0.0091   0.016
150807120839    0   46  130  382     5         0.79            0    0.0027418        17.77       9.9824       29.847       1.7439 5.5e-09  0.0091   0.016
150807120839    0   48  130  382     5      0.78999            0    0.0029418       17.768       9.9823       29.849       1.7463 6.8e-09  0.0091   0.016
150807120839    0   50  130  382     5      0.78998            0    0.0031413       17.765       9.9813        29.85       1.7507 8.8e-09  0.0091   0.016
150807120839    0   53  130  382     5      0.79001            0    0.0033382       17.768       9.9842       29.853        1.746 3.5e-09  0.0091   0.016
150807120839    0   55  130  382     5      0.79001            0    0.0035381       17.765       9.9838       29.854       1.7492 9.3e-09  0.0091   0.016
150807120839    0   58  130  382     5      0.79002            0    0.0037379       17.765       9.9846       29.856       1.7495 8.2e-09  0.0091   0.016
150807120839    0   61  130  382     5      0.79004            0    0.0039367       17.766       9.9863       29.858       1.7476 7.4e-09  0.0091   0.016
150807120839    0   63  130  382     5      0.79002            0    0.0041362       17.762       9.9851       29.859       1.7526 3.9e-09  0.0092   0.016
150807120839    0   68  130  382     5      0.79003            0    0.0043361       17.762       9.9856       29.861       1.7537 3.5e-09  0.0092   0.016
150807120839    0   79  130  382     5      0.79009            0    0.0045256       17.767       9.9907       29.865        1.744 4.5e-09  0.0092   0.016
150807120839    0   81  130  382     5       0.7901            0    0.0047256       17.766       9.9909       29.867       1.7458 4.3e-09  0.0092   0.016
150807120839    0   83  130  382     5      0.79009            0    0.0049254       17.763       9.9902       29.868       1.7497 5.1e-09  0.0092   0.016
150807120839    0   91  130  382     5      0.79014            0    0.0051177       17.768       9.9944       29.872        1.742 7.9e-09  0.0092   0.016
150807120839    0   93  130  382     5      0.79016            0    0.0053174       17.767       9.9951       29.874       1.7427 5.1e-09  0.0092   0.016
150807120839    0   95  130  382     5      0.79016            0    0.0055172       17.767       9.9958       29.876       1.7436 5.5e-09  0.0092   0.017
150807120839    0   97  130  382     5      0.79017            0    0.0057171       17.765       9.9959       29.878       1.7456 6.1e-09  0.0092   0.017
150807120839    0   99  130  382     5      0.79016            0    0.0059171       17.763       9.9953       29.879       1.7494 6.8e-09  0.0092   0.017
150807120841    0    0  130  382     5         0.78            0            0       16.565       9.1822       29.485       3.6441 1.2e-14  0.0076   0.013
150807120841    0    3  130  382     5      0.77991            0   0.00017891       16.566       9.1846       29.484       3.6425 2.9e-10  0.0076   0.013
150807120841    0    5  130  382     5      0.77982            0   0.00035781       16.557       9.1794       29.482       3.6558 4.6e-10  0.0075   0.013
150807120841    0    7  130  382     5      0.77974            0   0.00053972       16.549       9.1746       29.481       3.6678   6e-10  0.0075   0.013
150807120841    0   10  130  382     5      0.77987            0   0.00068852       16.566       9.1858       29.486       3.6413 1.8e-09  0.0076   0.013
150807120841    0   12  130  382     5      0.77985            0   0.00088761       16.566        9.186       29.487       3.6415 3.9e-10  0.0076   0.013
150807120841    0   14  130  382     5      0.77985            0    0.0010876       16.567       9.1874       29.488       3.6386 4.9e-09  0.0076   0.013
150807120841    0   16  130  382     5      0.77987            0     0.001287       16.571       9.1901       29.491       3.6327 6.6e-10  0.0076   0.013
150807120841    0   18  130  382     5      0.77993            0    0.0014778       16.579       9.1961       29.494       3.6189 1.8e-09  0.0076   0.014
150807120841    0   26  130  382     5      0.77975            0    0.0015667        16.56       9.1834       29.489       3.6496 1.7e-09  0.0076   0.013
150807120841    0   28  130  382     5      0.77969            0    0.0017575       16.555       9.1805       29.488       3.6573 1.3e-09  0.0076   0.013
150807120841    0   30  130  382     5      0.77961            0    0.0019403       16.547       9.1759       29.487        3.669 1.9e-09  0.0076   0.013
150807120841    0   33  130  382     5      0.77959            0    0.0021392       16.546       9.1759       29.488       3.6694 5.5e-09  0.0076   0.013
150807120841    0   36  130  382     5      0.77971            0    0.0022984       16.562       9.1861       29.493       3.6455 3.3e-09  0.0076   0.014
150807120841    0   38  130  382     5      0.77969            0    0.0024976       16.561       9.1863       29.494       3.6456   6e-09  0.0076   0.014
150807120841    0   40  130  382     5      0.77966            0     0.002696        16.56        9.186       29.495        3.647   9e-09  0.0076   0.014
150807120841    0   42  130  382     5      0.77963            0    0.0028933       16.558        9.185       29.495       3.6499 1.4e-09  0.0076   0.014
150807120841    0   44  130  382     5      0.77958            0    0.0030879       16.555       9.1831       29.495       3.6551   2e-09  0.0076   0.014
150807120841    0   46  130  382     5      0.77951            0    0.0032753       16.548       9.1794       29.494       3.6647 2.9e-09  0.0076   0.014
150807120841    0   49  130  382     5      0.77952            0    0.0034752       16.551       9.1812       29.496       3.6608 2.7e-09  0.0076   0.014
150807120841    0   52  130  382     5      0.77972            0    0.0035039       16.573        9.196       29.503       3.6257 6.9e-09  0.0076   0.014
150807120841    0   66  130  382     5      0.77969            0    0.0037019       16.572       9.1954       29.503       3.6277 1.9e-09  0.0076   0.014
150807120841    0   70  130  382     5      0.77969            0    0.0039018       16.574       9.1972       29.505        3.624 4.6e-09  0.0076   0.014
150807120843    0    0  130  382     5         0.77            0            0       15.447       8.4631       29.168       5.3789 1.9e-15  0.0065   0.011
150807120843    0    3  130  382     5       0.7699            0   0.00017571       15.448       8.4654       29.166       5.3773 9.4e-11  0.0065   0.012
150807120843    0    5  130  382     5      0.76981            0   0.00035142       15.441       8.4607       29.164       5.3887 1.5e-10  0.0065   0.012
150807120843    0    7  130  382     5      0.76972            0   0.00053071       15.434       8.4565       29.163       5.3989 1.9e-10  0.0065   0.012
150807120843    0    9  130  382     5       0.7696            0   0.00069047       15.423       8.4499        29.16       5.4147   3e-10  0.0065   0.012
150807120843    0   16  130  382     5      0.76972            0   0.00085142       15.439       8.4598       29.165        5.391 6.8e-10  0.0065   0.012
150807120843    0   18  130  382     5      0.76969            0    0.0010491       15.438       8.4598       29.166        5.391 7.3e-10  0.0065   0.012
150807120843    0   20  130  382     5      0.76961            0    0.0012325       15.433       8.4562       29.164       5.3996 3.5e-10  0.0065   0.012
150807120843    0   22  130  382     5      0.76949            0    0.0013934       15.423       8.4498       29.162       5.4151 5.7e-10  0.0065   0.012
150807120843    0   25  130  382     5      0.76949            0    0.0015934       15.425       8.4516       29.163       5.4109 3.8e-09  0.0065   0.012
150807120843    0   28  130  382     5      0.76959            0    0.0017635       15.439       8.4605       29.168       5.3894 1.1e-09  0.0065   0.012
150807120843    0   30  130  382     5      0.76956            0    0.0019604       15.438       8.4602       29.168       5.3902 3.1e-09  0.0065   0.012
150807120843    0   32  130  382     5      0.76948            0    0.0021442       15.433       8.4567       29.167       5.3986   6e-10  0.0065   0.012
150807120843    0   34  130  382     5      0.76936            0    0.0023069       15.423       8.4505       29.164       5.4136   9e-10  0.0065   0.012
150807120843    0   37  130  382     5      0.76943            0    0.0024956       15.433        8.457       29.168       5.3981 9.9e-10  0.0065   0.012
150807120843    0   39  130  382     5      0.76937            0    0.0026871       15.429       8.4551       29.167       5.4027 8.3e-09  0.0065   0.012
150807120843    0   42  130  382     5      0.76936            0    0.0028869       15.432       8.4566       29.169       5.3992   8e-10  0.0065   0.012
150807120843    0   44  130  382     5      0.76927            0    0.0030659       15.425       8.4524       29.167       5.4093 9.8e-10  0.0065   0.012
150807120843    0   47  130  382     5      0.76941            0    0.0032116       15.442       8.4632       29.172       5.3834 1.6e-09  0.0065   0.012
150807120843    0   49  130  382     5      0.76938            0    0.0034099       15.442       8.4635       29.173       5.3827 3.5e-09  0.0065   0.012
150807120843    0   51  130  382     5      0.76933            0    0.0036036        15.44       8.4621       29.173        5.386 7.9e-09  0.0065   0.012
150807120843    0   53  130  382     5      0.76927            0    0.0037919       15.435       8.4595       29.172       5.3925 9.7e-10  0.0065   0.012
150807120843    0   55  130  382     5      0.76917            0    0.0039676       15.428       8.4548        29.17       5.4038 1.3e-09  0.0065   0.012
150807120843    0   58  130  382     5      0.76919            0    0.0041667       15.433       8.4581       29.172        5.396 3.6e-09  0.0065   0.012
150807120843    0   60  130  382     5      0.76911            0    0.0043525       15.428        8.455       29.171       5.4035 1.2e-09  0.0065   0.012
150807120843    0   63  130  382     5      0.76928            0    0.0044594       15.447       8.4675       29.177       5.3735 1.7e-09  0.0065   0.012
150807120843    0   65  130  382     5      0.76923            0    0.0046528       15.445       8.4661       29.177        5.377 9.3e-09  0.0065   0.012
150807120843    0   67  130  382     5      0.76922            0    0.0048521       15.446        8.467       29.178       5.3748 3.7e-09  0.0065   0.012
150807120843    0   69  130  382     5      0.76921            0    0.0050521       15.448       8.4688       29.179       5.3705 1.6e-09  0.0065   0.012
150807120843    0   71  130  382     5      0.76924            0    0.0052497       15.455       8.4729       29.182       5.3607 3.8e-09  0.0065   0.012
150807120843    0   74  130  382     5       0.7693            0    0.0054426       15.463       8.4784       29.185       5.3476   7e-09  0.0065   0.012
150807120843    0   76  130  382     5      0.76911            0    0.0055169       15.445        8.467        29.18       5.3748 5.6e-09  0.0065   0.012
150807120843    0   78  130  382     5      0.76911            0    0.0057169       15.447       8.4684       29.181       5.3717 3.5e-09  0.0065   0.012
150807120843    0   80  130  382     5      0.76913            0     0.005915       15.453       8.4722       29.183       5.3627   2e-09  0.0065   0.012
150807120843    0   83  130  382     5      0.76921            0    0.0060993       15.463       8.4793       29.187       5.3458 9.3e-09  0.0065   0.012
150807120843    0   85  130  382     5      0.76907            0    0.0062384       15.451       8.4711       29.183       5.3656 2.4e-09  0.0065   0.012
150807120843    0   87  130  382     5      0.76915            0    0.0064221       15.461       8.4782       29.187       5.3487 8.7e-09  0.0065   0.012
150807120843    0   89  130  382     5      0.76899            0    0.0065472       15.447        8.469       29.183       5.3707 2.3e-09  0.0065   0.012
150807120843    0   91  130  382     5      0.76903            0    0.0067433       15.454       8.4736       29.186       5.3598 2.4e-09  0.0065   0.012
150807120843    0   96  130  382     5      0.76908            0    0.0069378       15.461       8.4786       29.189       5.3478 3.2e-09  0.0066   0.012
150807120843    0   98  130  382     5      0.76889            0    0.0069995       15.443       8.4667       29.183       5.3761 6.9e-09  0.0065   0.012
150807120845    0    0  130  382     5         0.76            0            0       14.409       7.8045       28.871       6.9694 6.2e-13  0.0057  0.0099
150807120845    0    3  130  382     5       0.7599            0   0.00017441        14.41       7.8066        28.87       6.9679 8.3e-09  0.0057   0.011
150807120845    0    5  130  382     5       0.7598            0   0.00034882       14.403       7.8024       28.868       6.9777 8.3e-09  0.0057   0.011
150807120845    0    7  130  382     5      0.75971            0   0.00052693       14.398       7.7987       28.867       6.9864 7.6e-09  0.0057   0.011
150807120845    0    9  130  382     5      0.75959            0    0.0006862       14.388        7.793       28.864       7.0002 1.3e-10  0.0057   0.011
150807120845    0   12  130  382     5      0.75964            0   0.00088047       14.397       7.7982       28.867       6.9874 1.9e-10  0.0057   0.011
150807120845    0   14  130  382     5      0.75957            0    0.0010681       14.393        7.796       28.866       6.9924 5.2e-09  0.0057   0.011
150807120845    0   16  130  382     5      0.75945            0    0.0012239       14.384       7.7899       28.863       7.0069 2.1e-10  0.0057   0.011
150807120845    0   19  130  382     5      0.75945            0    0.0014237       14.388       7.7927       28.865       6.9998 5.8e-09  0.0057   0.011
150807120845    0   21  130  382     5      0.75936            0    0.0015981       14.382       7.7886       28.863       7.0096 8.7e-09  0.0057   0.011
150807120845    0   24  130  382     5      0.75932            0    0.0017954       14.382       7.7888       28.864       7.0089 6.9e-10  0.0057   0.011
150807120845    0   27  130  382     5      0.75951            0    0.0018696       14.402       7.8013        28.87       6.9787 3.1e-10  0.0057   0.011
150807120845    0   29  130  382     5      0.75951            0    0.0020696       14.405       7.8034       28.871       6.9734 3.5e-09  0.0057   0.011
150807120845    0   31  130  382     5      0.75945            0    0.0022619       14.403       7.8021       28.871       6.9761   4e-09  0.0057   0.011
150807120845    0   33  130  382     5      0.75938            0    0.0024473       14.399       7.7996        28.87       6.9822 6.6e-09  0.0057   0.011
150807120845    0   35  130  382     5      0.75927            0    0.0026188       14.392       7.7951       28.868       6.9928 9.5e-09  0.0057   0.011
150807120845    0   37  130  382     5      0.75913            0    0.0027609        14.38       7.7879       28.865         7.01 4.8e-10  0.0057   0.011
150807120845    0   40  130  382     5      0.75905            0    0.0029421       14.375       7.7847       28.863       7.0175 7.8e-09  0.0057   0.011
150807120845    0   43  130  382     5      0.75908            0    0.0031403       14.382       7.7886       28.866       7.0078 6.7e-09  0.0057   0.011
150807120845    0   45  130  382     5      0.75898            0    0.0033172       14.376       7.7848       28.864       7.0167 8.8e-09  0.0057   0.011
150807120845    0   51  130  382     5      0.75911            0    0.0034695       14.391       7.7946       28.869       6.9929 8.2e-10  0.0057   0.011
150807120845    0   53  130  382     5      0.75909            0    0.0036678       14.392       7.7952       28.869       6.9912 1.1e-09  0.0057   0.011
150807120845    0   55  130  382     5      0.75898            0     0.003838       14.385       7.7906       28.867       7.0021 5.6e-10  0.0057   0.011
150807120845    0   58  130  382     5      0.75899            0    0.0040379       14.389       7.7932       28.869       6.9957 2.8e-09  0.0057   0.011
150807120845    0   60  130  382     5      0.75889            0    0.0042132       14.382       7.7892       28.867       7.0051 9.4e-09  0.0057   0.011
150807120845    0   63  130  382     5      0.75892            0    0.0044115       14.389        7.793       28.869       6.9956 5.3e-09  0.0057   0.011
150807120845    0   65  130  382     5      0.75883            0    0.0045921       14.383       7.7898       28.868       7.0033 8.6e-09  0.0057   0.011
150807120845    0   68  130  382     5      0.75878            0    0.0047852       14.382       7.7887       28.868       7.0057 5.1e-09  0.0057   0.011
150807120845    0   71  130  382     5      0.75882            0    0.0049813       14.389       7.7933        28.87       6.9943 6.4e-09  0.0057   0.011
150807120845    0   73  130  382     5      0.75874            0    0.0051652       14.385       7.7905       28.869       7.0008 8.1e-09  0.0057   0.011
150807120845    0   75  130  382     5       0.7586            0    0.0053057       14.373       7.7832       28.866       7.0182 8.7e-10  0.0057   0.011
150807120845    0   81  130  382     5      0.75869            0    0.0054807       14.386       7.7912        28.87       6.9988 9.3e-10  0.0057   0.011
150807120845    0   83  130  382     5      0.75864            0    0.0056746       14.384       7.7904        28.87       7.0006 5.2e-09  0.0057   0.011
150807120845    0   85  130  382     5      0.75852            0    0.0058285       14.375       7.7842       28.867       7.0153 9.3e-10  0.0057   0.011
150807120845    0   88  130  382     5      0.75862            0    0.0059993       14.388       7.7925       28.871        6.995   1e-09  0.0057   0.011
150807120845    0   90  130  382     5      0.75858            0    0.0061947       14.387       7.7921       28.872       6.9958 4.7e-09  0.0057   0.011
150807120845    0   92  130  382     5      0.75846            0    0.0063554       14.378       7.7865       28.869       7.0091 9.9e-10  0.0057   0.011
150807120845    0   95  130  382     5      0.75851            0    0.0065493       14.386       7.7917       28.872       6.9964   6e-09  0.0057   0.011
150807120845    0   97  130  382     5      0.75843            0    0.0067346       14.382       7.7891       28.871       7.0023 8.3e-09  0.0057   0.011
150807120847    0    0  130  382     5         0.75            0            0       13.446       7.2016       28.595       8.4263 3.9e-12   0.005   0.009
150807120847    0    3  130  382     5       0.7499            0   0.00017402       13.446       7.2034       28.593        8.425 5.9e-09   0.005  0.0096
150807120847    0    5  130  382     5       0.7498            0   0.00034803        13.44       7.1997       28.591       8.4335 5.9e-09   0.005  0.0096
150807120847    0    7  130  382     5      0.74971            0   0.00052564       13.435       7.1965        28.59        8.441 5.4e-09   0.005  0.0096
150807120847    0    9  130  382     5      0.74959            0   0.00068515       13.427       7.1914       28.588        8.453 7.4e-09   0.005  0.0096
150807120847    0   11  130  382     5      0.74943            0   0.00080616       13.415       7.1836       28.584       8.4715 8.2e-09   0.005  0.0096
150807120847    0   18  130  382     5      0.74953            0   0.00098207       13.427       7.1911       28.588        8.453 1.4e-10   0.005  0.0096
150807120847    0   20  130  382     5      0.74948            0    0.0011755       13.426       7.1904       28.588       8.4543 1.7e-09   0.005  0.0096
150807120847    0   22  130  382     5      0.74935            0    0.0013286       13.417       7.1848       28.585       8.4676 7.8e-09   0.005  0.0096
150807120847    0   25  130  382     5      0.74944            0    0.0015038       13.429       7.1924       28.589        8.449   2e-10   0.005  0.0096
150807120847    0   27  130  382     5      0.74939            0    0.0016976       13.429       7.1918       28.589       8.4501 1.8e-09   0.005  0.0096
150807120847    0   29  130  382     5      0.74927            0    0.0018556        13.42       7.1866       28.586       8.4623 7.6e-09   0.005  0.0096
150807120847    0   31  130  382     5       0.7491            0    0.0019588       13.406       7.1779       28.583        8.483 7.7e-09   0.005  0.0096
150807120847    0   39  130  382     5      0.74911            0    0.0021586       13.411       7.1808       28.584       8.4757 4.3e-09   0.005  0.0096
150807120847    0   42  130  382     5      0.74919            0     0.002341       13.422       7.1876       28.587        8.459 2.7e-10   0.005  0.0096
150807120847    0   44  130  382     5      0.74913            0    0.0025315        13.42       7.1863       28.587       8.4617 3.2e-09   0.005  0.0096
150807120847    0   46  130  382     5      0.74899            0    0.0026731        13.41       7.1798       28.584        8.477 8.3e-09   0.005  0.0096
150807120847    0   49  130  382     5      0.74892            0    0.0028596       13.407       7.1778       28.583       8.4814 4.2e-09   0.005  0.0096
150807120847    0   52  130  382     5      0.74887            0    0.0030544       13.406       7.1774       28.583        8.482 1.8e-09   0.005  0.0096
150807120847    0   55  130  382     5      0.74904            0    0.0031641       13.424       7.1883       28.588       8.4556 3.4e-10   0.005  0.0097
150807120847    0   57  130  382     5      0.74905            0    0.0033639       13.428        7.191        28.59       8.4487 3.5e-09   0.005  0.0097
150807120847    0   59  130  382     5      0.74895            0    0.0035399       13.423       7.1876       28.588       8.4566 6.2e-09   0.005  0.0097
150807120847    0   61  130  382     5       0.7488            0    0.0036692       13.411       7.1803       28.585       8.4738 8.3e-09   0.005  0.0097
150807120847    0   65  130  382     5      0.74873            0    0.0038566       13.409       7.1785       28.584       8.4779 4.3e-09   0.005  0.0097
150807120847    0   68  130  382     5      0.74873            0    0.0040566       13.412       7.1807       28.585        8.472 2.3e-09   0.005  0.0097
150807120847    0   70  130  382     5      0.74861            0      0.00422       13.405        7.176       28.583       8.4831 7.5e-09   0.005  0.0097
150807120847    0   80  130  382     5       0.7487            0    0.0043986       13.416       7.1832       28.587       8.4654 4.5e-10   0.005  0.0097
150807120847    0   82  130  382     5      0.74865            0    0.0045904       13.415       7.1822       28.587       8.4675 3.4e-09   0.005  0.0097
150807120847    0   84  130  382     5       0.7485            0    0.0047298       13.404       7.1756       28.584       8.4831 8.3e-09   0.005  0.0097
150807120847    0   88  130  382     5      0.74857            0    0.0049189       13.414       7.1815       28.586       8.4686 8.2e-09   0.005  0.0097
150807120847    0   90  130  382     5      0.74849            0    0.0051047       13.411       7.1794       28.586       8.4732   5e-09   0.005  0.0097
150807120847    0   93  130  382     5      0.74861            0    0.0052655       13.425        7.188        28.59       8.4521 5.7e-10   0.005  0.0097
150807120847    0   95  130  382     5      0.74858            0    0.0054624       13.425       7.1883        28.59       8.4511 1.7e-09   0.005  0.0097
150807120847    0   97  130  382     5      0.74846            0    0.0056241       13.418       7.1834       28.588       8.4625 7.7e-09   0.005  0.0097
150807120847    0   99  130  382     5      0.74829            0    0.0057303       13.404        7.175       28.584       8.4826 7.5e-09   0.005  0.0097
150807120849    0    0  130  382     5         0.74            0            0       12.553       6.6507       28.336        9.757 2.1e-10  0.0045  0.0082
150807120849    0    3  130  382     5       0.7399            0   0.00017399       12.554       6.6523       28.335       9.7559 4.5e-09  0.0045  0.0089
150807120849    0    5  130  382     5       0.7398            0   0.00034798       12.549        6.649       28.333       9.7633 4.5e-09  0.0045  0.0089
150807120849    0    7  130  382     5      0.73971            0   0.00052538       12.544       6.6462       28.332       9.7698 4.1e-09  0.0045  0.0089
150807120849    0    9  130  382     5      0.73959            0   0.00068532       12.537       6.6416        28.33       9.7803 5.6e-09  0.0045  0.0089
150807120849    0   11  130  382     5      0.73943            0   0.00080821       12.526       6.6347       28.327       9.7967 6.2e-09  0.0045  0.0089
150807120849    0   13  130  382     5      0.73924            0   0.00086547       12.511       6.6254       28.322       9.8191 7.6e-09  0.0045  0.0088
150807120849    0   20  130  382     5      0.73918            0    0.0010556       12.509       6.6242       28.322       9.8215 1.9e-09  0.0045  0.0088
150807120849    0   23  130  382     5      0.73931            0    0.0012082       12.523       6.6327       28.326       9.8007 8.4e-11  0.0045  0.0089
150807120849    0   25  130  382     5      0.73928            0    0.0014066       12.525       6.6336       28.326        9.798 8.3e-10  0.0045  0.0089
150807120849    0   27  130  382     5      0.73915            0    0.0015592       12.517       6.6285       28.324       9.8099 5.9e-09  0.0045  0.0089
150807120849    0   30  130  382     5       0.7391            0     0.001752       12.516       6.6279       28.324       9.8109 1.5e-09  0.0045  0.0089
150807120849    0   32  130  382     5      0.73895            0    0.0018836       12.506       6.6215       28.321       9.8261 6.2e-09  0.0045  0.0089
150807120849    0   38  130  382     5      0.73893            0    0.0020822       12.507       6.6225       28.321       9.8232 7.9e-10  0.0045  0.0089
150807120849    0   41  130  382     5      0.73903            0    0.0022536        12.52       6.6298       28.325       9.8052   1e-08  0.0045  0.0089
150807120849    0   43  130  382     5      0.73898            0    0.0024479       12.519       6.6294       28.325       9.8055 1.2e-09  0.0045  0.0089
150807120849    0   45  130  382     5      0.73884            0    0.0025854       12.509       6.6234       28.322       9.8198 6.2e-09  0.0045  0.0089
150807120849    0   52  130  382     5      0.73883            0     0.002785       12.512        6.625       28.323       9.8154 1.6e-09  0.0045  0.0089
150807120849    0   55  130  382     5      0.73899            0    0.0028999       12.528       6.6349       28.327       9.7914 9.7e-09  0.0045  0.0089
150807120849    0   57  130  382     5        0.739            0    0.0030998       12.533       6.6374       28.329       9.7846 3.1e-09  0.0045  0.0089
150807120849    0   59  130  382     5      0.73889            0     0.003271       12.527       6.6339       28.327       9.7926   5e-09  0.0045  0.0089
150807120849    0   61  130  382     5      0.73873            0    0.0033836       12.515       6.6266       28.324       9.8102 5.9e-09  0.0045  0.0089
150807120849    0   70  130  382     5      0.73883            0    0.0035534       12.528        6.634       28.327       9.7919 9.6e-09  0.0045  0.0089
150807120849    0   72  130  382     5      0.73879            0    0.0037482       12.528       6.6338       28.327       9.7919 1.3e-09  0.0045  0.0089
150807120849    0   74  130  382     5      0.73865            0    0.0038946       12.519       6.6283       28.325       9.8048 6.1e-09  0.0045  0.0089
150807120849    0   76  130  382     5      0.73846            0     0.003965       12.504       6.6194        28.32       9.8261 6.8e-09  0.0045  0.0089
150807120849    0   83  130  382     5      0.73853            0    0.0041528       12.514        6.625       28.323       9.8122 7.1e-09  0.0045  0.0089
150807120849    0   85  130  382     5      0.73846            0    0.0043383       12.511       6.6231       28.322       9.8161 3.5e-09  0.0045  0.0089
150807120849    0   88  130  382     5      0.73849            0    0.0045364       12.517       6.6268       28.324       9.8069 4.3e-09  0.0045  0.0089
150807120849    0   90  130  382     5      0.73838            0    0.0047083       12.512       6.6234       28.323       9.8147   5e-09  0.0045  0.0089
150807120849    0   93  130  382     5      0.73848            0    0.0048823       12.523       6.6304       28.326       9.7972 8.9e-09  0.0045  0.0089
150807120849    0   95  130  382     5      0.73843            0    0.0050756       12.523       6.6299       28.326        9.798   2e-09  0.0045  0.0089
150807120849    0   97  130  382     5      0.73829            0    0.0052148       12.513        6.624       28.323        9.812 6.2e-09  0.0045  0.0089
150807120851    0    0  130  382     5         0.73            0            0       11.731       6.1489       28.095       10.967 2.4e-15   0.004  0.0076
150807120851    0    3  130  382     5      0.72993            0   7.4988e-05       11.732       6.1508       28.094       10.966   9e-09   0.004  0.0082
150807120851    0    5  130  382     5      0.72987            0   0.00014998       11.728       6.1484       28.092       10.971 9.1e-09   0.004  0.0082
150807120851    0    7  130  382     5      0.72981            0   0.00023308       11.726       6.1466       28.092       10.975   1e-09   0.004  0.0082
150807120851    0    9  130  382     5      0.72974            0   0.00030433       11.721        6.144        28.09       10.981 8.4e-09   0.004  0.0082
150807120851    0   11  130  382     5      0.72965            0   0.00035073       11.715       6.1403       28.088        10.99 5.3e-09   0.004  0.0082
150807120851    0   13  130  382     5      0.72955            0   0.00035667       11.708       6.1356       28.086       11.001 1.8e-09   0.004  0.0082
150807120851    0   15  130  382     5      0.72946            0   0.00031014         11.7       6.1308       28.084       11.013 5.3e-09   0.004  0.0082
150807120851    0   17  130  382     5      0.72942            0   0.00021855       11.695        6.128       28.082        11.02 1.7e-09   0.004  0.0082
150807120851    0   19  130  382     5      0.72946            0    0.0001264       11.696       6.1289       28.083       11.018 6.6e-10   0.004  0.0082
150807120851    0   21  130  382     5      0.72956            0   0.00010252       11.703       6.1332       28.085       11.008 4.3e-09   0.004  0.0082
150807120851    0   23  130  382     5      0.72964            0   0.00016909        11.71       6.1375       28.087       10.997   2e-09   0.004  0.0082
150807120851    0   25  130  382     5      0.72963            0   0.00026908       11.712       6.1385       28.088       10.995 6.1e-10   0.004  0.0082
150807120851    0   27  130  382     5      0.72957            0   0.00034774       11.709       6.1364       28.087       10.999 9.5e-09   0.004  0.0082
150807120851    0   29  130  382     5      0.72948            0   0.00038122       11.702       6.1323       28.085       11.009 3.9e-09   0.004  0.0082
150807120851    0   31  130  382     5      0.72938            0   0.00035722       11.694       6.1274       28.082       11.021 3.2e-09   0.004  0.0082
150807120851    0   33  130  382     5      0.72932            0    0.0002786       11.688       6.1236        28.08       11.031 8.9e-09   0.004  0.0082
150807120851    0   35  130  382     5      0.72933            0   0.00017912       11.687       6.1231        28.08       11.032 3.3e-10   0.004  0.0082
150807120851    0   37  130  382     5      0.72941            0   0.00012299       11.692       6.1264       28.082       11.024 9.1e-09   0.004  0.0082
150807120851    0   39  130  382     5      0.72951            0   0.00015601         11.7       6.1312       28.084       11.012 5.9e-09   0.004  0.0082
150807120851    0   41  130  382     5      0.72954            0   0.00025006       11.705       6.1339       28.085       11.006 1.7e-09   0.004  0.0082
150807120851    0   43  130  382     5       0.7295            0   0.00034198       11.703       6.1329       28.085       11.008 6.6e-10   0.004  0.0082
150807120851    0   45  130  382     5      0.72942            0   0.00039261       11.697       6.1294       28.083       11.016 5.6e-09   0.004  0.0082
150807120851    0   47  130  382     5      0.72932            0   0.00038424       11.689       6.1245       28.081       11.028 2.1e-09   0.004  0.0082
150807120851    0   49  130  382     5      0.72924            0   0.00031623       11.682       6.1203       28.079       11.038 7.6e-09   0.004  0.0082
150807120851    0   51  130  382     5      0.72924            0   0.00021651        11.68       6.1189       28.078       11.042 8.9e-10   0.004  0.0082
150807120851    0   53  130  382     5       0.7293            0   0.00014465       11.684       6.1215       28.079       11.036 1.4e-09   0.004  0.0082
150807120851    0   55  130  382     5       0.7294            0   0.00015509       11.692       6.1263       28.082       11.024 2.6e-09   0.004  0.0082
150807120851    0   57  130  382     5      0.72946            0   0.00023908       11.698       6.1298       28.083       11.016 2.1e-09   0.004  0.0082
150807120851    0   59  130  382     5      0.72944            0   0.00033674       11.698       6.1298       28.083       11.015 9.9e-11   0.004  0.0082
150807120851    0   61  130  382     5      0.72936            0   0.00039927       11.693       6.1268       28.082       11.023 7.1e-09   0.004  0.0082
150807120851    0   63  130  382     5      0.72926            0     0.000403       11.685        6.122        28.08       11.034 1.8e-09   0.004  0.0082
150807120851    0   65  130  382     5      0.72918            0   0.00034398       11.678       6.1175       28.077       11.045 6.6e-09   0.004  0.0082
150807120851    0   80  130  382     5      0.72923            0   0.00026026       11.681       6.1193       28.078       11.041   1e-09   0.004  0.0082
150807120851    0   82  130  382     5      0.72933            0    0.0002503       11.688       6.1239        28.08        11.03 2.3e-09   0.004  0.0082
150807120851    0   84  130  382     5       0.7294            0   0.00032198       11.695        6.128       28.082        11.02 2.1e-09   0.004  0.0082
150807120851    0   86  130  382     5       0.7294            0   0.00042188       11.696       6.1288       28.083       11.017 4.7e-10   0.004  0.0082
150807120851    0   88  130  382     5      0.72933            0   0.00049511       11.693       6.1264       28.082       11.023 8.6e-09   0.004  0.0082
150807120851    0   90  130  382     5      0.72923            0   0.00051247       11.685       6.1219       28.079       11.034 2.4e-09   0.004  0.0082
150807120851    0   93  130  382     5      0.72917            0   0.00043258       11.679       6.1181       28.078       11.043   9e-09   0.004  0.0082
150807120851    0   95  130  382     5      0.72918            0    0.0003334       11.678       6.1177       28.077       11.044 2.6e-10   0.004  0.0082
150807120851    0   97  130  382     5      0.72927            0   0.00027834       11.684       6.1211       28.079       11.036 8.8e-09   0.004  0.0082
150807120851    0   99  130  382     5      0.72936            0   0.00031009       11.692       6.1259       28.081       11.025 5.7e-09   0.004  0.0082
150807132627    0    0  130  382     5      0.79806            0            0       18.871       10.681       30.117   -0.0037541 1.8e-12   0.011   0.022
150807132627    0    1  130  382     5      0.79806            0        0.001        18.87       10.695       30.125   -0.0042314 6.4e-09   0.011   0.023
150807132627    0    2  130  382     5      0.79806            0        0.002       18.847       10.696       30.133     0.029526 5.8e-09   0.011   0.023
150807132627    0    3  130  382     5      0.79806            0        0.003       18.809       10.688       30.143     0.089152 7.9e-09   0.011   0.022
150807132627    0    4  130  382     5      0.79806            0        0.004       18.759       10.671       30.152      0.16776 7.6e-09   0.011   0.022
150807134123    0    0  130  382     5      0.79806            0            0       18.871       10.681       30.117   -0.0037541 1.8e-12   0.011   0.022
150807134123    0    3  130  382     5      0.79804            0   0.00099982       18.866       10.692       30.124    0.0012185 9.8e-09   0.011   0.023
150807134125    0    0  130  382     5         0.79            0            0       17.774       9.9707       29.825       1.7416 9.6e-15  0.0091   0.015
150807134125    0    3  130  382     5      0.78998            0    0.0019999       17.772         9.98        29.84       1.7418 8.5e-09  0.0091   0.016
150807134127    0    0  130  382     5         0.78            0            0       16.565       9.1822       29.485       3.6441 1.2e-14  0.0076   0.013
150807134127    0    3  130  382     5      0.77973            0    0.0019821       16.562       9.1857       29.491       3.6456 2.1e-09  0.0076   0.013
150807134127    0    5  130  382     5      0.77947            0    0.0039643       16.549        9.181       29.498        3.663 1.7e-09  0.0076   0.014
150807134127    0   16  130  382     5      0.77956            0    0.0059621       16.575       9.2021       29.516       3.6197 5.5e-09  0.0076   0.014
150807134127    0   29  130  382     5       0.7792            0    0.0079292       16.549       9.1896       29.519       3.6564 4.5e-09  0.0076   0.014
150807134129    0    0  130  382     5         0.77            0            0       15.447       8.4631       29.168       5.3789 1.9e-15  0.0065   0.011
150807134129    0    3  130  382     5      0.76961            0    0.0019615       15.444        8.464        29.17       5.3812 5.7e-09  0.0065   0.012
150807134129    0    5  130  382     5      0.76922            0    0.0039231       15.432       8.4577       29.172       5.3967 9.9e-09  0.0065   0.012
150807134129    0    7  130  382     5      0.76882            0     0.005882       15.419       8.4505       29.173       5.4148 2.1e-09  0.0065   0.012
150807134129    0   25  130  382     5      0.76854            0    0.0078629       15.419       8.4519       29.179       5.4122 3.6e-09  0.0065   0.012
150807134129    0   30  130  382     5      0.76829            0    0.0098473       15.421       8.4548       29.185       5.4061 8.9e-09  0.0065   0.012
150807134129    0   33  130  382     5      0.76819            0     0.011845       15.438       8.4673       29.196       5.3775 7.3e-09  0.0066   0.012
150807134129    0   35  130  382     5      0.76791            0     0.013825       15.437        8.468       29.202        5.377 3.4e-09  0.0066   0.012
150807134129    0   37  130  382     5      0.76764            0     0.015807       15.436        8.469       29.208        5.376 4.7e-09  0.0066   0.012
150807134129    0   39  130  382     5      0.76739            0     0.017791       15.435       8.4706       29.214       5.3738   6e-09  0.0066   0.012
150807134129    0   41  130  382     5      0.76715            0     0.019777       15.437       8.4732       29.221       5.3693   7e-09  0.0066   0.012
150807134129    0   43  130  382     5      0.76695            0     0.021767       15.441       8.4778       29.229       5.3604   7e-09  0.0066   0.012
150807134129    0   45  130  382     5      0.76682            0     0.023763       15.451       8.4864        29.24       5.3425 4.4e-09  0.0067   0.012
150807134129    0   50  130  382     5      0.76642            0     0.025721       15.434       8.4774       29.241       5.3656 4.1e-09  0.0067   0.012
150807134129    0   52  130  382     5      0.76627            0     0.027716       15.441       8.4846       29.251       5.3513 4.6e-09  0.0067   0.012
150807134129    0   64  130  382     5      0.76604            0     0.029703       15.441       8.4866       29.258       5.3492 8.8e-09  0.0067   0.012
150807134129    0   69  130  382     5      0.76574            0      0.03168       15.433       8.4833       29.263       5.3597 5.7e-09  0.0067   0.012
150807134129    0   74  130  382     5      0.76546            0     0.033661       15.427       8.4818       29.269       5.3659 6.3e-09  0.0067   0.012
150807134129    0   76  130  382     5      0.76534            0     0.035657       15.434       8.4888        29.28       5.3532 5.3e-09  0.0067   0.012
150807134129    0   85  130  382     5      0.76504            0     0.037635       15.425       8.4857       29.285       5.3635 8.8e-09  0.0067   0.013
150807134129    0   87  130  382     5      0.76495            0     0.039633       15.434       8.4941       29.297       5.3481 7.2e-09  0.0068   0.013
150807134129    0   93  130  382     5      0.76445            0      0.04157       15.407       8.4784       29.295       5.3871 6.8e-09  0.0068   0.013
150807134129    0   95  130  382     5      0.76418            0     0.043551       15.399       8.4758       29.301       5.3967 6.3e-09  0.0068   0.013
150807134129    0   97  130  382     5      0.76384            0     0.045523       15.386       8.4698       29.305       5.4141 7.3e-09  0.0068   0.013
150807134131    0    0  130  382     5         0.76            0            0       14.409       7.8045       28.871       6.9694 6.2e-13  0.0057  0.0099
150807134131    0    3  130  382     5      0.75954            0    0.0019462       14.406        7.804       28.871       6.9719 4.1e-09  0.0057   0.011
150807134131    0    5  130  382     5      0.75908            0    0.0038924       14.395       7.7973       28.871       6.9859 6.6e-09  0.0057   0.011
150807134131    0    7  130  382     5       0.7586            0    0.0058348       14.383       7.7896        28.87       7.0023 8.8e-10  0.0057   0.011
150807134131    0   13  130  382     5       0.7584            0    0.0078245       14.398       7.7992       28.877       6.9768 1.6e-09  0.0057   0.011
150807134131    0   15  130  382     5      0.75798            0    0.0097811       14.392       7.7954       28.878       6.9839 1.4e-09  0.0057   0.011
150807134131    0   17  130  382     5      0.75752            0     0.011727       14.381       7.7885       28.878       6.9983 2.7e-09  0.0057   0.011
150807134131    0   20  130  382     5      0.75722            0     0.013704       14.386       7.7915       28.882        6.989 8.7e-09  0.0057   0.011
150807134131    0   22  130  382     5      0.75673            0     0.015644       14.372        7.783       28.881       7.0073   5e-09  0.0057   0.011
150807134131    0   32  130  382     5      0.75692            0     0.017636       14.423       7.8156         28.9       6.9276 3.9e-09  0.0058   0.011
150807134131    0   37  130  382     5      0.75597            0     0.019392       14.362       7.7766       28.884       7.0185 3.5e-09  0.0057   0.011
150807134131    0   50  130  382     5      0.75564            0     0.021366       14.364       7.7781       28.887        7.013 3.1e-09  0.0057   0.011
150807134131    0   59  130  382     5      0.75589            0     0.023351       14.418       7.8132       28.907       6.9279 6.5e-09  0.0058   0.011
150807134131    0   63  130  382     5       0.7554            0      0.02529       14.404       7.8042       28.906       6.9474 3.1e-09  0.0058   0.011
150807134131    0   65  130  382     5      0.75522            0     0.027282       14.418       7.8138       28.914       6.9229 2.4e-09  0.0058   0.011
150807134131    0   68  130  382     5      0.75481            0      0.02924       14.412       7.8097       28.915       6.9308 3.4e-09  0.0058   0.011
150807134131    0   81  130  382     5      0.75445            0     0.031207       14.409       7.8081       28.918        6.933 3.4e-09  0.0058   0.011
150807134131    0   85  130  382     5      0.75414            0     0.033183       14.411       7.8097       28.922       6.9276 9.2e-09  0.0058   0.011
150807134131    0   99  130  382     5       0.7538            0     0.035154        14.41       7.8095       28.925       6.9266 4.1e-09  0.0058   0.011
150807134133    0    0  130  382     5         0.75            0            0       13.446       7.2016       28.595       8.4263 3.9e-12   0.005   0.009
150807134133    0    3  130  382     5       0.7495            0    0.0019353       13.442       7.2003       28.593       8.4289 2.6e-09   0.005  0.0097
150807134133    0    5  130  382     5      0.74899            0    0.0038706       13.433       7.1936       28.591       8.4413 4.2e-09   0.005  0.0097
150807134133    0    7  130  382     5      0.74847            0    0.0058013       13.422       7.1859       28.589       8.4561 6.4e-09   0.005  0.0097
150807134133    0    9  130  382     5      0.74785            0    0.0077044       13.401       7.1726       28.584       8.4845 8.8e-10   0.005  0.0097
150807134133    0   16  130  382     5      0.74771            0    0.0096995       13.426       7.1873       28.593       8.4452 1.4e-09   0.005  0.0097
150807134133    0   18  130  382     5      0.74719            0     0.011629       13.415       7.1793       28.591       8.4606 1.3e-09   0.005  0.0097
150807134133    0   24  130  382     5      0.74707            0     0.013626       13.441       7.1952         28.6       8.4186 2.5e-09  0.0051  0.0098
150807134133    0   26  130  382     5       0.7467            0     0.015591       13.444       7.1962       28.602       8.4124 4.3e-09  0.0051  0.0098
150807134133    0   28  130  382     5      0.74639            0     0.017566       13.452       7.2005       28.605       8.3983 1.6e-09  0.0051  0.0098
150807134133    0   30  130  382     5      0.74619            0     0.019556        13.47       7.2111       28.612       8.3689 1.8e-09  0.0051  0.0099
150807134133    0   34  130  382     5      0.74523            0     0.021312       13.417       7.1771       28.597        8.447 7.4e-09  0.0051  0.0099
150807134133    0   36  130  382     5      0.74464            0     0.023224         13.4       7.1655       28.593       8.4708 4.8e-09   0.005  0.0099
150807134133    0   39  130  382     5      0.74482            0     0.025217        13.45       7.1968        28.61       8.3924 2.6e-09  0.0051  0.0099
150807134135    0    0  130  382     5         0.74            0            0       12.553       6.6507       28.336        9.757 2.1e-10  0.0045  0.0082
150807134135    0    3  130  382     5      0.73947            0    0.0019275       12.551        6.649       28.334       9.7596 1.7e-09  0.0045  0.0089
150807134135    0    5  130  382     5      0.73893            0    0.0038549       12.542       6.6425       28.331       9.7706 2.7e-09  0.0045  0.0089
150807134135    0    7  130  382     5      0.73838            0    0.0057773       12.532        6.635       28.329       9.7839   4e-09  0.0045  0.0089
150807134135    0    9  130  382     5      0.73774            0    0.0076711       12.513       6.6225       28.323       9.8094 6.8e-09  0.0045  0.0089
150807134135    0   14  130  382     5      0.73724            0    0.0096093       12.508       6.6183       28.322       9.8149 4.5e-09  0.0045  0.0089
150807134135    0   20  130  382     5      0.73734            0     0.011607       12.554       6.6453       28.335       9.7451 2.1e-09  0.0045   0.009
150807134135    0   22  130  382     5      0.73695            0     0.013569       12.558       6.6467       28.337       9.7368 1.9e-09  0.0045   0.009
150807134135    0   24  130  382     5      0.73667            0     0.015548       12.571       6.6535       28.341       9.7157 3.1e-09  0.0045   0.009
150807134135    0   28  130  382     5      0.73558            0      0.01723       12.512       6.6161       28.323       9.8016 2.4e-09  0.0045   0.009
150807134135    0   32  130  382     5      0.73522            0     0.019196       12.519       6.6187       28.325       9.7904   2e-09  0.0045   0.009
150807134135    0   34  130  382     5      0.73455            0     0.021082       12.498       6.6051       28.319       9.8184 2.2e-09  0.0045   0.009
150807134135    0   37  130  382     5      0.73432            0     0.023069       12.516       6.6148       28.324       9.7903 6.1e-09  0.0045  0.0091
150807134135    0   39  130  382     5      0.73367            0     0.024961       12.498       6.6021       28.319       9.8159 2.7e-09  0.0045  0.0091
150807134135    0   49  130  382     5      0.73356            0     0.026957       12.525       6.6177       28.327       9.7736 2.4e-09  0.0045  0.0091
150807134135    0   51  130  382     5      0.73301            0      0.02888       12.515       6.6104       28.324       9.7863 2.6e-09  0.0045  0.0091
150807134135    0   53  130  382     5      0.73234            0     0.030766       12.495       6.5969       28.318       9.8138 3.8e-09  0.0045  0.0091
150807134137    0    0  130  382     5         0.73            0            0       11.731       6.1489       28.095       10.967 2.4e-15   0.004  0.0076
150807134137    0    3  130  382     5      0.72969            0   0.00094947       11.729       6.1482       28.092        10.97 2.5e-10   0.004  0.0082
150807134137    0    5  130  382     5      0.72937            0    0.0018989       11.722       6.1432        28.09       10.979   4e-10   0.004  0.0082
150807134137    0    7  130  382     5      0.72904            0    0.0028431       11.714       6.1374       28.087        10.99   6e-10   0.004  0.0082
150807134137    0    9  130  382     5      0.72864            0     0.003757       11.699       6.1277       28.083       11.011   1e-09   0.004  0.0082
150807134137    0   12  130  382     5       0.7283            0    0.0046974        11.69       6.1215        28.08       11.024 9.5e-10   0.004  0.0082
150807134137    0   15  130  382     5      0.72918            0    0.0051742       11.767       6.1683       28.103        10.91 5.9e-10  0.0041  0.0083
150807134137    0   26  130  382     5       0.7288            0    0.0060997       11.755         6.16       28.099       10.927 1.5e-09  0.0041  0.0083
150807134137    0   29  130  382     5      0.72868            0    0.0070927       11.764       6.1648       28.101       10.913 6.6e-10  0.0041  0.0083
150807134137    0   37  130  382     5      0.72848            0    0.0080726       11.766       6.1656       28.102       10.909 6.4e-09  0.0041  0.0083
150807134137    0   46  130  382     5      0.72833            0    0.0090621       11.773       6.1691       28.103       10.898 7.6e-09  0.0041  0.0083
150807134137    0   66  130  382     5      0.72734            0    0.0089849       11.694       6.1209        28.08       11.014 9.3e-10   0.004  0.0083
150807134137    0   73  130  382     5      0.72711            0    0.0099576       11.694       6.1201       28.079       11.013 7.6e-10   0.004  0.0083
150807134137    0   75  130  382     5      0.72662            0     0.010829       11.672       6.1061       28.072       11.044   3e-09   0.004  0.0083
150807134137    0   78  130  382     5      0.72741            0     0.011435       11.745         6.15       28.094       10.937 1.4e-09   0.004  0.0083
150807134137    0   80  130  382     5      0.72698            0      0.01234       11.728       6.1393       28.089        10.96 3.1e-09   0.004  0.0083
150807134137    0   82  130  382     5      0.72682            0     0.013326       11.734       6.1418        28.09       10.952 1.4e-10   0.004  0.0083
150807134137    0   84  130  382     5      0.72673            0     0.014322       11.745       6.1478       28.093       10.935 1.3e-09   0.004  0.0083
150807134137    0   86  130  382     5      0.72682            0     0.015317       11.771       6.1627       28.101       10.896 5.8e-09  0.0041  0.0084
