150806120212    0    0  130  382     5         0.79            0         0.02       17.532       9.9289       29.998       2.0993 2.4e-09  0.0093   0.017
150806120212    1    0  130  382     5         0.79            0        0.021       17.512       9.9225       30.007       2.1293 6.2e-09  0.0093   0.017
150806120212    2    0  130  382     5         0.79            0         0.03       17.317       9.8525       30.094       2.4369 5.1e-09  0.0094   0.016
150806120212    3    0  130  382     5         0.79            0        0.031       17.294       9.8437       30.104       2.4737 5.4e-09  0.0094   0.016
150806120212    4    0  130  382     5         0.79            0        0.032       17.271       9.8348       30.114        2.511 5.6e-09  0.0094   0.016
150806120212    5    0  130  382     5         0.79            0        0.033       17.248       9.8258       30.124       2.5487 5.8e-09  0.0094   0.016
150806120212    6    0  130  382     5         0.79            0        0.034       17.224       9.8166       30.134       2.5867   6e-09  0.0094   0.016
150806120212    7    0  130  382     5         0.79            0        0.035         17.2       9.8072       30.144       2.6251 6.2e-09  0.0094   0.016
150806120212    8    0  130  382     5         0.79            0        0.036       17.176       9.7978       30.155       2.6638 6.4e-09  0.0094   0.016
150806120212    9    0  130  382     5         0.79            0        0.037       17.152       9.7882       30.165       2.7028 6.6e-09  0.0094   0.016
150806120212   10    0  130  382     5         0.79            0        0.038       17.127       9.7785       30.175       2.7422 6.8e-09  0.0094   0.016
150806120212   11    0  130  382     5         0.79            0        0.039       17.103       9.7687       30.186       2.7818 6.9e-09  0.0094   0.016
150806120212   12    0  130  382     5         0.79            0        0.022       17.492       9.9156       30.016       2.1612 4.5e-09  0.0093   0.017
150806120212   13    0  130  382     5         0.79            0         0.04       17.078       9.7588       30.196       2.8217 7.1e-09  0.0094   0.016
150806120212   14    0  130  382     5         0.79            0        0.041       17.053       9.7486       30.206       2.8625 5.2e-09  0.0094   0.016
150806120212   15    0  130  382     5         0.79            0        0.042       17.029       9.7386       30.217       2.9028 5.3e-09  0.0094   0.016
150806120212   16    0  130  382     5         0.79            0        0.043       17.004       9.7284       30.227       2.9434 5.4e-09  0.0094   0.016
150806120212   17    0  130  382     5         0.79            0        0.044       16.979       9.7181       30.238       2.9842 5.6e-09  0.0094   0.016
150806120212   18    0  130  382     5         0.79            0        0.045       16.954       9.7078       30.249       3.0252 5.7e-09  0.0094   0.016
150806120212   19    0  130  382     5         0.79            0        0.046       16.928       9.6974       30.259       3.0664 5.8e-09  0.0094   0.016
150806120212   20    0  130  382     5         0.79            0        0.047       16.903        9.687        30.27       3.1078 5.9e-09  0.0094   0.016
150806120212   21    0  130  382     5         0.79            0        0.048       16.878       9.6765       30.281       3.1493   6e-09  0.0094   0.016
150806120212   22    0  130  382     5         0.79            0        0.049       16.853       9.6659       30.292        3.191 6.1e-09  0.0094   0.016
150806120212   23    0  130  382     5         0.79            0        0.023       17.471       9.9085       30.026       2.1934 4.9e-09  0.0093   0.017
150806120212   24    0  130  382     5         0.79            0         0.05       16.827       9.6552       30.302       3.2328 6.1e-09  0.0094   0.016
150806120212   25    0  130  382     5         0.79            0        0.051       16.802       9.6445       30.313       3.2748 6.2e-09  0.0094   0.016
150806120212   26    0  130  382     5         0.79            0        0.052       16.776       9.6338       30.324       3.3168 6.3e-09  0.0094   0.016
150806120212   27    0  130  382     5         0.79            0        0.053       16.751        9.623       30.335       3.3591 6.4e-09  0.0094   0.016
150806120212   28    0  130  382     5         0.79            0        0.054       16.725       9.6122       30.346       3.4014 6.5e-09  0.0094   0.016
150806120212   29    0  130  382     5         0.79            0        0.055       16.699       9.6013       30.357       3.4438 6.5e-09  0.0094   0.016
150806120212   30    0  130  382     5         0.79            0        0.056       16.674       9.5904       30.368       3.4864 6.6e-09  0.0094   0.016
150806120212   31    0  130  382     5         0.79            0        0.057       16.648       9.5794       30.379        3.529 6.7e-09  0.0094   0.016
150806120212   32    0  130  382     5         0.79            0        0.058       16.622       9.5684        30.39       3.5717 6.8e-09  0.0094   0.016
150806120212   33    0  130  382     5         0.79            0        0.059       16.597       9.5573       30.401       3.6146 6.8e-09  0.0094   0.016
150806120212   34    0  130  382     5         0.79            0        0.024        17.45       9.9012       30.035       2.2263 5.3e-09  0.0094   0.017
150806120212   35    0  130  382     5         0.79            0         0.06       16.571       9.5463       30.412       3.6575 6.9e-09  0.0094   0.016
150806120212   36    0  130  382     5         0.79            0        0.061       16.545       9.5352       30.424       3.7005 6.9e-09  0.0094   0.016
150806120212   37    0  130  382     5         0.79            0        0.062       16.519        9.524       30.435       3.7435   7e-09  0.0094   0.016
150806120212   38    0  130  382     5         0.79            0        0.063       16.494       9.5129       30.446       3.7867 7.1e-09  0.0094   0.016
150806120212   39    0  130  382     5         0.79            0        0.064       16.468       9.5017       30.457       3.8299 7.1e-09  0.0094   0.016
150806120212   40    0  130  382     5         0.79            0        0.065       16.442       9.4905       30.469       3.8731 7.2e-09  0.0094   0.016
150806120212   41    0  130  382     5         0.79            0        0.066       16.416       9.4792        30.48       3.9164 7.2e-09  0.0094   0.016
150806120212   42    0  130  382     5         0.79            0        0.067       16.391       9.4679       30.491       3.9598 7.3e-09  0.0094   0.016
150806120212   43    0  130  382     5         0.79            0        0.068       16.365       9.4567       30.503       4.0033 7.3e-09  0.0094   0.016
150806120212   44    0  130  382     5         0.79            0        0.069       16.339       9.4453       30.514       4.0467 7.4e-09  0.0094   0.016
150806120212   45    0  130  382     5         0.79            0        0.025       17.429       9.8936       30.045       2.2598 5.7e-09  0.0094   0.017
150806120212   46    0  130  382     5         0.79            0         0.07       16.313        9.434       30.525       4.0903 7.4e-09  0.0094   0.016
150806120212   47    0  130  382     5         0.79            0        0.071       16.287       9.4227       30.537       4.1339 7.4e-09  0.0094   0.016
150806120212   48    0  130  382     5         0.79            0        0.072       16.261        9.411       30.548       4.1783 5.6e-09  0.0094   0.016
150806120212   49    0  130  382     5         0.79            0        0.073       16.236       9.3999        30.56       4.2211 7.5e-09  0.0094   0.016
150806120212   50    0  130  382     5         0.79            0        0.074       16.209       9.3882       30.571       4.2656 5.7e-09  0.0094   0.016
150806120212   51    0  130  382     5         0.79            0        0.075       16.184       9.3768       30.583       4.3094 5.6e-09  0.0094   0.016
150806120212   52    0  130  382     5         0.79            0        0.076       16.158       9.3654       30.594       4.3532 5.7e-09  0.0094   0.016
150806120212   53    0  130  382     5         0.79            0        0.077       16.132       9.3539       30.606        4.397 5.7e-09  0.0094   0.016
150806120212   54    0  130  382     5         0.79            0        0.078       16.106       9.3425       30.618       4.4408 5.7e-09  0.0094   0.016
150806120212   55    0  130  382     5         0.79            0        0.079       16.081        9.331       30.629       4.4846 5.8e-09  0.0094   0.016
150806120212   56    0  130  382     5         0.79            0        0.026       17.407       9.8858       30.055        2.294   6e-09  0.0094   0.017
150806120212   57    0  130  382     5         0.79            0         0.08       16.055       9.3195       30.641       4.5285 5.8e-09  0.0094   0.016
150806120212   58    0  130  382     5         0.79            0        0.081       16.029        9.308       30.652       4.5724 5.8e-09  0.0094   0.016
150806120212   59    0  130  382     5         0.79            0        0.082       16.003       9.2965       30.664       4.6163 5.8e-09  0.0094   0.016
150806120212   60    0  130  382     5         0.79            0        0.083       15.978        9.285       30.676       4.6603 5.8e-09  0.0094   0.016
150806120212   61    0  130  382     5         0.79            0        0.084       15.952       9.2735       30.687       4.7042 5.9e-09  0.0094   0.016
150806120212   62    0  130  382     5         0.79            0        0.085       15.926       9.2619       30.699       4.7482 5.9e-09  0.0094   0.016
150806120212   63    0  130  382     5         0.79            0        0.086       15.901       9.2504       30.711       4.7922 5.9e-09  0.0094   0.016
150806120212   64    0  130  382     5         0.79            0        0.087       15.875       9.2389       30.723       4.8362 5.9e-09  0.0094   0.016
150806120212   65    0  130  382     5         0.79            0        0.088        15.85       9.2273       30.734       4.8802 5.9e-09  0.0094   0.016
150806120212   66    0  130  382     5         0.79            0        0.027       17.385       9.8778       30.064       2.3288 6.4e-09  0.0094   0.017
150806120212   67    0  130  382     5         0.79            0        0.028       17.363       9.8696       30.074       2.3641 6.7e-09  0.0094   0.016
150806120212   68    0  130  382     5         0.79            0        0.029        17.34        9.861       30.084       2.4005 4.9e-09  0.0094   0.016
150807135439    0    0  130  382     5         0.73            0          0.1       13.447       7.1717       28.658       8.3082   4e-09  0.0052   0.011
150807135439    0    1  130  382     5         0.73            0        0.101       13.461       7.1807       28.664       8.2858 8.2e-09  0.0052   0.011
150807135439    0    2  130  382     5         0.73            0        0.102       13.474       7.1896        28.67       8.2639 8.6e-09  0.0052   0.011
150807135439    0    3  130  382     5         0.73            0        0.103       13.488       7.1984       28.676       8.2422 8.9e-09  0.0052   0.011
150807135439    0    4  130  382     5         0.73            0        0.104       13.501       7.2071       28.682       8.2206 9.3e-09  0.0052   0.011
150807135439    0    5  130  382     5         0.73            0        0.105       13.515       7.2158       28.688       8.1992 9.6e-09  0.0052   0.011
150807135439    0    6  130  382     5         0.73            0        0.106       13.527       7.2243       28.694       8.1784 5.2e-09  0.0052   0.011
150807135439    0    7  130  382     5         0.73            0        0.107        13.54       7.2329         28.7       8.1574 5.4e-09  0.0052   0.011
150807135439    0    8  130  382     5         0.73            0        0.108       13.553       7.2415       28.707       8.1365 5.6e-09  0.0052   0.011
150807135439    0    9  130  382     5         0.73            0        0.109       13.566         7.25       28.713       8.1158 5.9e-09  0.0053   0.011
150807135439    0   10  130  382     5         0.73            0         0.11       13.579       7.2584       28.719       8.0952 6.1e-09  0.0053   0.011
150807135439    0   11  130  382     5         0.73            0        0.111       13.592       7.2668       28.725       8.0749 6.4e-09  0.0053   0.011
150807135439    0   12  130  382     5         0.73            0        0.112       13.604       7.2751       28.731       8.0547 6.6e-09  0.0053   0.011
150807135439    0   13  130  382     5         0.73            0        0.113       13.616       7.2834       28.737       8.0347 6.9e-09  0.0053   0.011
150807135439    0   14  130  382     5         0.73            0        0.114       13.629       7.2916       28.744       8.0149 7.2e-09  0.0053   0.011
150807135439    0   15  130  382     5         0.73            0        0.115       13.641       7.2998        28.75       7.9952 7.4e-09  0.0053   0.011
150807135439    0   16  130  382     5         0.73            0        0.116       13.653       7.3079       28.756       7.9758 7.7e-09  0.0053   0.011
150807135439    0   17  130  382     5         0.73            0        0.117       13.664        7.316       28.762       7.9565   8e-09  0.0053   0.011
150807135439    0   18  130  382     5         0.73            0        0.118       13.676        7.324       28.769       7.9374 8.3e-09  0.0054   0.011
150807135439    0   19  130  382     5         0.73            0        0.119       13.688       7.3319       28.775       7.9186 8.6e-09  0.0054   0.011
150807135439    0   20  130  382     5         0.73            0         0.12       13.699       7.3398       28.781       7.8999 8.8e-09  0.0054   0.011
150807135439    0   21  130  382     5         0.73            0        0.121        13.71       7.3476       28.788       7.8814 9.1e-09  0.0054   0.011
150807135439    0   22  130  382     5         0.73            0        0.122       13.722       7.3554       28.794       7.8631 9.5e-09  0.0054   0.011
150807135439    0   23  130  382     5         0.73            0        0.123       13.733       7.3631         28.8        7.845 9.8e-09  0.0054   0.012
150807135439    0   24  130  382     5         0.73            0        0.124       13.743       7.3706       28.807       7.8277 5.9e-09  0.0054   0.012
150807135439    0   25  130  382     5         0.73            0        0.125       13.754       7.3781       28.813         7.81   6e-09  0.0054   0.012
150807135439    0   26  130  382     5         0.73            0        0.126       13.765       7.3856       28.819       7.7926 6.3e-09  0.0054   0.012
150807135439    0   27  130  382     5         0.73            0        0.127       13.775       7.3931       28.826       7.7754 6.5e-09  0.0055   0.012
150807135439    0   28  130  382     5         0.73            0        0.128       13.785       7.4005       28.832       7.7584 6.7e-09  0.0055   0.012
150807135439    0   29  130  382     5         0.73            0        0.129       13.796       7.4078       28.839       7.7415 6.9e-09  0.0055   0.012
150807135439    0   30  130  382     5         0.73            0         0.13       13.806        7.415       28.845        7.725 7.2e-09  0.0055   0.012
150807135439    0   31  130  382     5         0.73            0        0.131       13.816       7.4222       28.852       7.7086 7.4e-09  0.0055   0.012
150807135439    0   32  130  382     5         0.73            0        0.132       13.825       7.4293       28.858       7.6924 7.7e-09  0.0055   0.012
150807135439    0   33  130  382     5         0.73            0        0.133       13.835       7.4364       28.865       7.6765 7.9e-09  0.0055   0.012
150807135439    0   34  130  382     5         0.73            0        0.134       13.844       7.4434       28.871       7.6608 8.1e-09  0.0055   0.012
150807135439    0   35  130  382     5         0.73            0        0.135       13.854       7.4503       28.878       7.6453 8.4e-09  0.0055   0.012
150807135439    0   36  130  382     5         0.73            0        0.136       13.863       7.4571       28.884       7.6301 8.7e-09  0.0055   0.012
150807135439    0   37  130  382     5         0.73            0        0.137       13.872       7.4639       28.891       7.6151 8.9e-09  0.0056   0.012
150807135439    0   38  130  382     5         0.73            0        0.138       13.881       7.4706       28.897       7.6003 9.2e-09  0.0056   0.012
150807135439    0   39  130  382     5         0.73            0        0.139        13.89       7.4772       28.904       7.5857 9.4e-09  0.0056   0.012
150807135439    0   40  130  382     5         0.73            0         0.14       13.898       7.4838        28.91       7.5714 9.7e-09  0.0056   0.012
150807135439    0   41  130  382     5         0.73            0        0.141       13.907       7.4903       28.917       7.5573   1e-08  0.0056   0.012
150807135439    0   42  130  382     5         0.73            0        0.142       13.915       7.4965       28.924       7.5441 6.5e-09  0.0056   0.012
150807135439    0   43  130  382     5         0.73            0        0.143       13.923       7.5029        28.93       7.5305 6.6e-09  0.0056   0.012
150807135439    0   44  130  382     5         0.73            0        0.144       13.931       7.5091       28.937       7.5171 6.8e-09  0.0056   0.012
150807135439    0   45  130  382     5         0.73            0        0.145       13.938       7.5153       28.944        7.504   7e-09  0.0056   0.012
150807135439    0   46  130  382     5         0.73            0        0.146       13.946       7.5214        28.95       7.4912 7.2e-09  0.0056   0.012
150807135439    0   47  130  382     5         0.73            0        0.147       13.954       7.5275       28.957       7.4786 7.5e-09  0.0057   0.012
150807135439    0   48  130  382     5         0.73            0        0.148       13.961       7.5335       28.964       7.4662 7.7e-09  0.0057   0.012
150807135439    0   49  130  382     5         0.73            0        0.149       13.968       7.5394       28.971       7.4541 7.9e-09  0.0057   0.012
150807135439    0   50  130  382     5         0.73            0         0.15       13.975       7.5452       28.978       7.4422 8.1e-09  0.0057   0.012
150807135439    0   51  130  382     5         0.73            0        0.151       13.982       7.5509       28.984       7.4306 8.3e-09  0.0057   0.012
150807135439    0   52  130  382     5         0.73            0        0.152       13.989       7.5566       28.991       7.4192 8.5e-09  0.0057   0.012
150807135439    0   53  130  382     5         0.73            0        0.153       13.995       7.5622       28.998       7.4081 8.7e-09  0.0057   0.012
150807135439    0   54  130  382     5         0.73            0        0.154       14.001       7.5677       29.005       7.3973   9e-09  0.0057   0.012
150807135439    0   55  130  382     5         0.73            0        0.155       14.008       7.5731       29.012       7.3867 9.2e-09  0.0057   0.012
150807135439    0   56  130  382     5         0.73            0        0.156       14.014       7.5785       29.019       7.3764 9.4e-09  0.0057   0.013
150807135439    0   57  130  382     5         0.73            0        0.157        14.02       7.5838       29.026       7.3663 9.6e-09  0.0057   0.013
150807135439    0   58  130  382     5         0.73            0        0.158       14.025        7.589       29.032       7.3565 9.9e-09  0.0058   0.013
150807135439    0   59  130  382     5         0.73            0        0.159        14.03       7.5939       29.039       7.3476 6.8e-09  0.0058   0.013
150807135439    0   60  130  382     5         0.73            0         0.16       14.036       7.5989       29.046       7.3383 6.9e-09  0.0058   0.013
150807135439    0   61  130  382     5         0.73            0        0.161       14.041       7.6039       29.053       7.3293 7.1e-09  0.0058   0.013
150807135439    0   62  130  382     5         0.73            0        0.162       14.046       7.6087        29.06       7.3205 7.2e-09  0.0058   0.013
150807135439    0   63  130  382     5         0.73            0        0.163       14.051       7.6135       29.067        7.312 7.4e-09  0.0058   0.013
150807135439    0   64  130  382     5         0.73            0        0.164       14.056       7.6182       29.074       7.3038 7.6e-09  0.0058   0.013
150807135439    0   65  130  382     5         0.73            0        0.165        14.06       7.6229       29.082       7.2959 7.8e-09  0.0058   0.013
150807135439    0   66  130  382     5         0.73            0        0.166       14.065       7.6274       29.089       7.2882 7.9e-09  0.0058   0.013
150807135439    0   67  130  382     5         0.73            0        0.167       14.069       7.6319       29.096       7.2808 8.1e-09  0.0058   0.013
150807135439    0   68  130  382     5         0.73            0        0.168       14.073       7.6363       29.103       7.2736 8.3e-09  0.0058   0.013
150807135439    0   69  130  382     5         0.73            0        0.169       14.077       7.6406        29.11       7.2668 8.5e-09  0.0059   0.013
150807135439    0   70  130  382     5         0.73            0         0.17        14.08       7.6448       29.117       7.2602 8.7e-09  0.0059   0.013
150807135439    0   71  130  382     5         0.73            0        0.171       14.084       7.6489       29.124       7.2538 8.8e-09  0.0059   0.013
150807135439    0   72  130  382     5         0.73            0        0.172       14.087        7.653       29.132       7.2478   9e-09  0.0059   0.013
150807135439    0   73  130  382     5         0.73            0        0.173       14.091        7.657       29.139        7.242 9.2e-09  0.0059   0.013
150807135439    0   74  130  382     5         0.73            0        0.174       14.094       7.6609       29.146       7.2365 9.4e-09  0.0059   0.013
150807135439    0   75  130  382     5         0.73            0        0.175       14.097       7.6647       29.153       7.2312 9.6e-09  0.0059   0.013
150807135439    0   76  130  382     5         0.73            0        0.176       14.099       7.6684       29.161       7.2262 9.7e-09  0.0059   0.013
150807135439    0   77  130  382     5         0.73            0        0.177       14.102       7.6721       29.168       7.2215 9.9e-09  0.0059   0.013
150807135439    0   78  130  382     5         0.73            0        0.178       14.104       7.6754       29.176       7.2178 7.1e-09  0.0059   0.013
150807135439    0   79  130  382     5         0.73            0        0.179       14.106       7.6788       29.183       7.2137 7.2e-09  0.0059   0.013
150807135441    0    0  130  382     5         0.75            0          0.1       14.735       8.0821       29.262       6.3512   6e-09  0.0064   0.013
150807135441    0    1  130  382     5         0.75            0        0.101       14.739       8.0866       29.269       6.3445 9.4e-09  0.0064   0.013
150807135441    0    2  130  382     5         0.75            0        0.102       14.742       8.0908       29.277       6.3386 9.8e-09  0.0065   0.013
150807135441    0    3  130  382     5         0.75            0        0.103       14.744       8.0946       29.284       6.3338 6.7e-09  0.0065   0.013
150807135441    0    4  130  382     5         0.75            0        0.104       14.747       8.0985       29.292       6.3287 6.8e-09  0.0065   0.013
150807135441    0    5  130  382     5         0.75            0        0.105        14.75       8.1024       29.299        6.324 7.1e-09  0.0065   0.013
150807135441    0    6  130  382     5         0.75            0        0.106       14.752       8.1061       29.307       6.3197 7.3e-09  0.0065   0.013
150807135441    0    7  130  382     5         0.75            0        0.107       14.754       8.1097       29.314       6.3157 7.5e-09  0.0065   0.013
150807135441    0    8  130  382     5         0.75            0        0.108       14.756       8.1132       29.322       6.3121 7.8e-09  0.0065   0.013
150807135441    0    9  130  382     5         0.75            0        0.109       14.757       8.1165        29.33       6.3088   8e-09  0.0065   0.013
150807135441    0   10  130  382     5         0.75            0         0.11       14.759       8.1198       29.337       6.3059 8.2e-09  0.0065   0.013
150807135441    0   11  130  382     5         0.75            0        0.111        14.76        8.123       29.345       6.3034 8.5e-09  0.0066   0.013
150807135441    0   12  130  382     5         0.75            0        0.112       14.761        8.126       29.353       6.3012 8.7e-09  0.0066   0.013
150807135441    0   13  130  382     5         0.75            0        0.113       14.762       8.1289       29.361       6.2994   9e-09  0.0066   0.013
150807135441    0   14  130  382     5         0.75            0        0.114       14.762       8.1317       29.368        6.298 9.2e-09  0.0066   0.013
150807135441    0   15  130  382     5         0.75            0        0.115       14.762       8.1344       29.376       6.2969 9.5e-09  0.0066   0.013
150807135441    0   16  130  382     5         0.75            0        0.116       14.763        8.137       29.384       6.2962 9.7e-09  0.0066   0.013
150807135441    0   17  130  382     5         0.75            0        0.117       14.762       8.1395       29.392       6.2959 9.9e-09  0.0066   0.013
150807135441    0   18  130  382     5         0.75            0        0.118       14.762       8.1416         29.4       6.2966 7.1e-09  0.0066   0.013
150807135441    0   19  130  382     5         0.75            0        0.119       14.761       8.1438       29.408        6.297 7.2e-09  0.0066   0.013
150807135441    0   20  130  382     5         0.75            0         0.12        14.76       8.1459       29.416       6.2978 7.4e-09  0.0067   0.013
150807135441    0   21  130  382     5         0.75            0        0.121       14.759       8.1479       29.423       6.2989 7.6e-09  0.0067   0.013
150807135441    0   22  130  382     5         0.75            0        0.122       14.758       8.1498       29.431       6.3004 7.8e-09  0.0067   0.013
150807135441    0   23  130  382     5         0.75            0        0.123       14.756       8.1516       29.439       6.3022   8e-09  0.0067   0.013
150807135441    0   24  130  382     5         0.75            0        0.124       14.755       8.1533       29.448       6.3044 8.1e-09  0.0067   0.013
150807135441    0   25  130  382     5         0.75            0        0.125       14.753       8.1549       29.456        6.307 8.3e-09  0.0067   0.013
150807135441    0   26  130  382     5         0.75            0        0.126       14.751       8.1563       29.464       6.3099 8.5e-09  0.0067   0.013
150807135441    0   27  130  382     5         0.75            0        0.127       14.748       8.1577       29.472       6.3131 8.7e-09  0.0067   0.013
150807135441    0   28  130  382     5         0.75            0        0.128       14.746       8.1589        29.48       6.3167 8.9e-09  0.0067   0.014
150807135441    0   29  130  382     5         0.75            0        0.129       14.743       8.1601       29.488       6.3206 9.1e-09  0.0067   0.014
150807135441    0   30  130  382     5         0.75            0         0.13        14.74       8.1611       29.496       6.3249 9.2e-09  0.0067   0.014
150807135441    0   31  130  382     5         0.75            0        0.131       14.737        8.162       29.505       6.3295 9.4e-09  0.0068   0.014
150807135441    0   32  130  382     5         0.75            0        0.132       14.734       8.1628       29.513       6.3345 9.6e-09  0.0068   0.014
150807135441    0   33  130  382     5         0.75            0        0.133        14.73       8.1635       29.521       6.3398 9.8e-09  0.0068   0.014
150807135441    0   34  130  382     5         0.75            0        0.134       14.727       8.1641       29.529       6.3455   1e-08  0.0068   0.014
150807135441    0   35  130  382     5         0.75            0        0.135       14.722       8.1643       29.538       6.3523 7.3e-09  0.0068   0.014
150807135441    0   36  130  382     5         0.75            0        0.136       14.718       8.1647       29.546       6.3586 7.4e-09  0.0068   0.014
150807135441    0   37  130  382     5         0.75            0        0.137       14.714        8.165       29.554       6.3653 7.5e-09  0.0068   0.014
150807135441    0   38  130  382     5         0.75            0        0.138       14.709       8.1652       29.563       6.3723 7.7e-09  0.0068   0.014
150807135441    0   39  130  382     5         0.75            0        0.139       14.704       8.1652       29.571       6.3796 7.8e-09  0.0068   0.014
150807135441    0   40  130  382     5         0.75            0         0.14         14.7       8.1652        29.58       6.3873 7.9e-09  0.0068   0.014
150807135441    0   41  130  382     5         0.75            0        0.141       14.694       8.1651       29.588       6.3952 8.1e-09  0.0068   0.014
150807135441    0   42  130  382     5         0.75            0        0.142       14.689       8.1648       29.597       6.4035 8.2e-09  0.0068   0.014
150807135441    0   43  130  382     5         0.75            0        0.143       14.684       8.1645       29.605       6.4122 8.3e-09  0.0069   0.014
150807135441    0   44  130  382     5         0.75            0        0.144       14.678       8.1641       29.614       6.4211 8.5e-09  0.0069   0.014
150807135441    0   45  130  382     5         0.75            0        0.145       14.672       8.1636       29.622       6.4303 8.6e-09  0.0069   0.014
150807135441    0   46  130  382     5         0.75            0        0.146       14.666       8.1629       29.631       6.4399 8.7e-09  0.0069   0.014
150807135441    0   47  130  382     5         0.75            0        0.147        14.66       8.1622        29.64       6.4497 8.8e-09  0.0069   0.014
150807135441    0   48  130  382     5         0.75            0        0.148       14.654       8.1614       29.648       6.4599 8.9e-09  0.0069   0.014
150807135441    0   49  130  382     5         0.75            0        0.149       14.647       8.1605       29.657       6.4704 9.1e-09  0.0069   0.014
150807135441    0   50  130  382     5         0.75            0         0.15        14.64       8.1595       29.666       6.4811 9.2e-09  0.0069   0.014
150807135441    0   51  130  382     5         0.75            0        0.151       14.634       8.1584       29.675       6.4922 9.3e-09  0.0069   0.014
150807135441    0   52  130  382     5         0.75            0        0.152       14.627       8.1572       29.683       6.5036 9.4e-09  0.0069   0.014
150807135441    0   53  130  382     5         0.75            0        0.153       14.619       8.1559       29.692       6.5152 9.5e-09  0.0069   0.014
150807135441    0   54  130  382     5         0.75            0        0.154       14.612       8.1545       29.701       6.5271 9.6e-09  0.0069   0.014
150807135441    0   55  130  382     5         0.75            0        0.155       14.604       8.1531        29.71       6.5394 9.7e-09  0.0069   0.014
150807135443    0    0  130  382     5         0.76            0          0.1       15.205       8.4678       29.606       5.6481 6.3e-09  0.0072   0.014
150807135443    0    1  130  382     5         0.76            0        0.101         15.2       8.4682       29.615       5.6546 9.1e-09  0.0072   0.014
150807135443    0    2  130  382     5         0.76            0        0.102       15.195       8.4683       29.623       5.6623 9.4e-09  0.0072   0.014
150807135443    0    3  130  382     5         0.76            0        0.103        15.19       8.4682       29.632       5.6703 9.6e-09  0.0072   0.014
150807135443    0    4  130  382     5         0.76            0        0.104       15.185       8.4681        29.64       5.6787 9.8e-09  0.0072   0.014
150807135443    0    5  130  382     5         0.76            0        0.105       15.179       8.4675       29.649       5.6883 7.2e-09  0.0072   0.014
150807135443    0    6  130  382     5         0.76            0        0.106       15.173       8.4671       29.657       5.6975 7.3e-09  0.0072   0.014
150807135443    0    7  130  382     5         0.76            0        0.107       15.167       8.4665       29.666       5.7071 7.5e-09  0.0072   0.014
150807135443    0    8  130  382     5         0.76            0        0.108        15.16       8.4659       29.675       5.7171 7.6e-09  0.0072   0.014
150807135443    0    9  130  382     5         0.76            0        0.109       15.154       8.4651       29.684       5.7274 7.8e-09  0.0073   0.014
150807135443    0   10  130  382     5         0.76            0         0.11       15.147       8.4642       29.692       5.7381 7.9e-09  0.0073   0.014
150807135443    0   11  130  382     5         0.76            0        0.111        15.14       8.4632       29.701       5.7492 8.1e-09  0.0073   0.014
150807135443    0   12  130  382     5         0.76            0        0.112       15.133        8.462        29.71       5.7607 8.2e-09  0.0073   0.014
150807135443    0   13  130  382     5         0.76            0        0.113       15.125       8.4608       29.719       5.7725 8.4e-09  0.0073   0.014
150807135443    0   14  130  382     5         0.76            0        0.114       15.118       8.4594       29.728       5.7846 8.6e-09  0.0073   0.014
150807135443    0   15  130  382     5         0.76            0        0.115        15.11        8.458       29.737       5.7972 8.7e-09  0.0073   0.014
150807135443    0   16  130  382     5         0.76            0        0.116       15.102       8.4564       29.746         5.81 8.8e-09  0.0073   0.014
150807135443    0   17  130  382     5         0.76            0        0.117       15.093       8.4547       29.754       5.8232   9e-09  0.0073   0.014
150807135443    0   18  130  382     5         0.76            0        0.118       15.085       8.4529       29.763       5.8368 9.1e-09  0.0073   0.014
150807135443    0   19  130  382     5         0.76            0        0.119       15.076        8.451       29.772       5.8507 9.3e-09  0.0073   0.014
150807135443    0   20  130  382     5         0.76            0         0.12       15.068        8.449       29.782       5.8649 9.4e-09  0.0073   0.014
150807135443    0   21  130  382     5         0.76            0        0.121       15.059       8.4468       29.791       5.8795 9.5e-09  0.0074   0.014
150807135443    0   22  130  382     5         0.76            0        0.122       15.049       8.4446         29.8       5.8943 9.7e-09  0.0074   0.014
150807135443    0   23  130  382     5         0.76            0        0.123        15.04       8.4423       29.809       5.9095 9.8e-09  0.0074   0.014
150807135443    0   24  130  382     5         0.76            0        0.124       15.031       8.4399       29.818        5.925 9.9e-09  0.0074   0.014
150807135443    0   25  130  382     5         0.76            0        0.125        15.02       8.4371       29.827       5.9417 7.5e-09  0.0074   0.014
150807135443    0   26  130  382     5         0.76            0        0.126        15.01       8.4344       29.836       5.9579 7.5e-09  0.0074   0.014
150807135443    0   27  130  382     5         0.76            0        0.127           15       8.4317       29.846       5.9744 7.6e-09  0.0074   0.014
150807135443    0   28  130  382     5         0.76            0        0.128        14.99       8.4289       29.855       5.9911 7.7e-09  0.0074   0.014
150807135443    0   29  130  382     5         0.76            0        0.129        14.98        8.426       29.864       6.0082 7.8e-09  0.0074   0.014
150807135443    0   30  130  382     5         0.76            0         0.13       14.969        8.423       29.874       6.0255 7.9e-09  0.0074   0.014
150807135443    0   31  130  382     5         0.76            0        0.131       14.958       8.4199       29.883       6.0431   8e-09  0.0074   0.014
150807135443    0   32  130  382     5         0.76            0        0.132       14.948       8.4167       29.892       6.0611 8.1e-09  0.0074   0.014
150807135443    0   33  130  382     5         0.76            0        0.133       14.937       8.4134       29.902       6.0793 8.1e-09  0.0074   0.014
150807135443    0   34  130  382     5         0.76            0        0.134       14.925         8.41       29.911       6.0977 8.2e-09  0.0074   0.014
150807135443    0   35  130  382     5         0.76            0        0.135       14.914       8.4066       29.921       6.1165 8.3e-09  0.0074   0.014
150807135443    0   36  130  382     5         0.76            0        0.136       14.903        8.403        29.93       6.1355 8.4e-09  0.0075   0.014
150807135443    0   37  130  382     5         0.76            0        0.137       14.891       8.3994        29.94       6.1548 8.5e-09  0.0075   0.014
150807135443    0   38  130  382     5         0.76            0        0.138       14.879       8.3957       29.949       6.1743 8.5e-09  0.0075   0.014
150807135443    0   39  130  382     5         0.76            0        0.139       14.867       8.3919       29.959       6.1941 8.6e-09  0.0075   0.014
150807135443    0   40  130  382     5         0.76            0         0.14       14.855        8.388       29.968       6.2142 8.7e-09  0.0075   0.014
150807135443    0   41  130  382     5         0.76            0        0.141       14.843       8.3841       29.978       6.2345 8.7e-09  0.0075   0.014
150807135443    0   42  130  382     5         0.76            0        0.142       14.831       8.3801       29.988        6.255 8.8e-09  0.0075   0.014
150807135443    0   43  130  382     5         0.76            0        0.143       14.818       8.3759       29.997       6.2758 8.9e-09  0.0075   0.015
150807135443    0   44  130  382     5         0.76            0        0.144       14.806       8.3718       30.007       6.2968 8.9e-09  0.0075   0.015
150807135443    0   45  130  382     5         0.76            0        0.145       14.793       8.3675       30.017       6.3181   9e-09  0.0075   0.015
150807135443    0   46  130  382     5         0.76            0        0.146        14.78       8.3632       30.026       6.3396 9.1e-09  0.0075   0.015
150807135443    0   47  130  382     5         0.76            0        0.147       14.767       8.3588       30.036       6.3613 9.1e-09  0.0075   0.015
150807135443    0   48  130  382     5         0.76            0        0.148       14.754       8.3543       30.046       6.3832 9.2e-09  0.0075   0.015
150807135443    0   49  130  382     5         0.76            0        0.149       14.741       8.3497       30.056       6.4054 9.2e-09  0.0075   0.015
150807135443    0   50  130  382     5         0.76            0         0.15       14.728       8.3451       30.066       6.4277 9.3e-09  0.0075   0.015
150807135443    0   51  130  382     5         0.76            0        0.151       14.714       8.3404       30.075       6.4503 9.3e-09  0.0075   0.015
150807135443    0   52  130  382     5         0.76            0        0.152       14.701       8.3357       30.085       6.4731 9.4e-09  0.0075   0.015
150807135443    0   53  130  382     5         0.76            0        0.153       14.687       8.3309       30.095       6.4961 9.4e-09  0.0075   0.015
150807135443    0   54  130  382     5         0.76            0        0.154       14.673        8.326       30.105       6.5193 9.5e-09  0.0076   0.015
150807135443    0   55  130  382     5         0.76            0        0.155        14.66        8.321       30.115       6.5427 9.5e-09  0.0076   0.015
150807135443    0   56  130  382     5         0.76            0        0.156       14.646        8.316       30.125       6.5663 9.6e-09  0.0076   0.015
150807135443    0   57  130  382     5         0.76            0        0.157       14.632       8.3109       30.135       6.5901 9.6e-09  0.0076   0.015
150807135445    0    0  130  382     5         0.77            0          0.1       15.494       8.7677       29.988       5.2506 5.9e-09  0.0079   0.015
150807135445    0    1  130  382     5         0.77            0        0.101       15.481       8.7635       29.997        5.272 8.1e-09  0.0079   0.015
150807135445    0    2  130  382     5         0.77            0        0.102       15.467        8.759       30.007       5.2944 8.2e-09  0.0079   0.015
150807135445    0    3  130  382     5         0.77            0        0.103       15.453       8.7544       30.017       5.3171 8.3e-09  0.0079   0.015
150807135445    0    4  130  382     5         0.77            0        0.104       15.439       8.7496       30.027       5.3401 8.4e-09  0.0079   0.015
150807135445    0    5  130  382     5         0.77            0        0.105       15.425       8.7448       30.037       5.3634 8.5e-09   0.008   0.015
150807135445    0    6  130  382     5         0.77            0        0.106       15.411       8.7399       30.046        5.387 8.6e-09   0.008   0.015
150807135445    0    7  130  382     5         0.77            0        0.107       15.397       8.7349       30.056       5.4108 8.7e-09   0.008   0.015
150807135445    0    8  130  382     5         0.77            0        0.108       15.382       8.7298       30.066        5.435 8.8e-09   0.008   0.015
150807135445    0    9  130  382     5         0.77            0        0.109       15.367       8.7246       30.076       5.4594 8.9e-09   0.008   0.015
150807135445    0   10  130  382     5         0.77            0         0.11       15.353       8.7193       30.086        5.484 8.9e-09   0.008   0.015
150807135445    0   11  130  382     5         0.77            0        0.111       15.338        8.714       30.096       5.5089   9e-09   0.008   0.015
150807135445    0   12  130  382     5         0.77            0        0.112       15.323       8.7085       30.106       5.5341 9.1e-09   0.008   0.015
150807135445    0   13  130  382     5         0.77            0        0.113       15.307        8.703       30.116       5.5595 9.2e-09   0.008   0.015
150807135445    0   14  130  382     5         0.77            0        0.114       15.292       8.6974       30.126       5.5852 9.2e-09   0.008   0.015
150807135445    0   15  130  382     5         0.77            0        0.115       15.276       8.6918       30.136       5.6111 9.3e-09   0.008   0.015
150807135445    0   16  130  382     5         0.77            0        0.116       15.261        8.686       30.147       5.6372 9.4e-09   0.008   0.015
150807135445    0   17  130  382     5         0.77            0        0.117       15.245       8.6802       30.157       5.6636 9.4e-09   0.008   0.015
150807135445    0   18  130  382     5         0.77            0        0.118       15.229       8.6743       30.167       5.6902 9.5e-09   0.008   0.015
150807135445    0   19  130  382     5         0.77            0        0.119       15.213       8.6683       30.177        5.717 9.6e-09   0.008   0.015
150807135445    0   20  130  382     5         0.77            0         0.12       15.197       8.6623       30.187        5.744 9.6e-09   0.008   0.015
150807135445    0   21  130  382     5         0.77            0        0.121       15.181       8.6562       30.198       5.7712 9.7e-09   0.008   0.015
150807135445    0   22  130  382     5         0.77            0        0.122       15.165         8.65       30.208       5.7986 9.7e-09   0.008   0.015
150807135445    0   23  130  382     5         0.77            0        0.123       15.149       8.6437       30.218       5.8263 9.8e-09   0.008   0.015
150807135445    0   24  130  382     5         0.77            0        0.124       15.132       8.6374       30.228       5.8541 9.8e-09  0.0081   0.015
150807135445    0   25  130  382     5         0.77            0        0.125       15.115       8.6311       30.239       5.8821 9.9e-09  0.0081   0.015
150807135445    0   26  130  382     5         0.77            0        0.126       15.099       8.6246       30.249       5.9103 9.9e-09  0.0081   0.015
150807135445    0   27  130  382     5         0.77            0        0.127       15.082       8.6181        30.26       5.9387   1e-08  0.0081   0.015
150807135445    0   28  130  382     5         0.77            0        0.128       15.065       8.6112        30.27       5.9683 7.6e-09  0.0081   0.015
150807135445    0   29  130  382     5         0.77            0        0.129       15.048       8.6046        30.28       5.9971 7.6e-09  0.0081   0.015
150807135445    0   30  130  382     5         0.77            0         0.13       15.031        8.598       30.291        6.026 7.6e-09  0.0081   0.015
150807135445    0   31  130  382     5         0.77            0        0.131       15.014       8.5912       30.301       6.0551 7.7e-09  0.0081   0.015
150807135445    0   32  130  382     5         0.77            0        0.132       14.996       8.5844       30.312       6.0844 7.7e-09  0.0081   0.015
150807135445    0   33  130  382     5         0.77            0        0.133       14.979       8.5776       30.322       6.1138 7.7e-09  0.0081   0.015
150807135445    0   34  130  382     5         0.77            0        0.134       14.962       8.5707       30.333       6.1434 7.7e-09  0.0081   0.015
150807135445    0   35  130  382     5         0.77            0        0.135       14.944       8.5638       30.344       6.1732 7.8e-09  0.0081   0.015
150807135445    0   36  130  382     5         0.77            0        0.136       14.927       8.5568       30.354       6.2031 7.8e-09  0.0081   0.015
150807135445    0   37  130  382     5         0.77            0        0.137       14.909       8.5497       30.365       6.2331 7.8e-09  0.0081   0.015
150807135445    0   38  130  382     5         0.77            0        0.138       14.892       8.5426       30.375       6.2633 7.8e-09  0.0081   0.015
150807135445    0   39  130  382     5         0.77            0        0.139       14.874       8.5355       30.386       6.2937 7.9e-09  0.0081   0.015
150807135445    0   40  130  382     5         0.77            0         0.14       14.856       8.5283       30.397       6.3241 7.9e-09  0.0081   0.015
150807135445    0   41  130  382     5         0.77            0        0.141       14.838       8.5211       30.407       6.3547 7.9e-09  0.0081   0.015
150807135445    0   42  130  382     5         0.77            0        0.142       14.821       8.5138       30.418       6.3855 7.9e-09  0.0081   0.015
150807135445    0   43  130  382     5         0.77            0        0.143       14.803       8.5065       30.429       6.4164 7.9e-09  0.0081   0.015
150807135445    0   44  130  382     5         0.77            0        0.144       14.785       8.4991       30.439       6.4474 7.9e-09  0.0081   0.015
150807135445    0   45  130  382     5         0.77            0        0.145       14.767       8.4917        30.45       6.4785   8e-09  0.0081   0.015
150807135445    0   46  130  382     5         0.77            0        0.146       14.748       8.4843       30.461       6.5097   8e-09  0.0081   0.015
150807135445    0   47  130  382     5         0.77            0        0.147        14.73       8.4768       30.472       6.5411   8e-09  0.0081   0.015
150807135445    0   48  130  382     5         0.77            0        0.148       14.712       8.4693       30.483       6.5726   8e-09  0.0081   0.015
150807135445    0   49  130  382     5         0.77            0        0.149       14.694       8.4617       30.493       6.6042   8e-09  0.0082   0.015
150807135445    0   50  130  382     5         0.77            0         0.15       14.675       8.4541       30.504       6.6359   8e-09  0.0082   0.015
150807135445    0   51  130  382     5         0.77            0        0.151       14.657       8.4465       30.515       6.6677   8e-09  0.0082   0.015
150807135445    0   52  130  382     5         0.77            0        0.152       14.639       8.4388       30.526       6.6996   8e-09  0.0082   0.015
150807135447    0    0  130  382     5         0.78            0        0.088       15.837       9.0696       30.282       4.7785 7.2e-09  0.0086   0.015
150807135447    0    1  130  382     5         0.78            0        0.089       15.818        9.062       30.293       4.8106 9.6e-09  0.0086   0.015
150807135447    0    2  130  382     5         0.78            0         0.09       15.798        9.054       30.303       4.8437 9.8e-09  0.0086   0.015
150807135447    0    3  130  382     5         0.78            0        0.091       15.778        9.046       30.314       4.8771 9.8e-09  0.0086   0.015
150807135447    0    4  130  382     5         0.78            0        0.092       15.758       9.0379       30.325       4.9106 9.9e-09  0.0086   0.015
150807135447    0    5  130  382     5         0.78            0        0.093       15.738       9.0298       30.335       4.9443 9.9e-09  0.0086   0.015
150807135447    0    6  130  382     5         0.78            0        0.094       15.717       9.0213       30.346       4.9792 7.5e-09  0.0086   0.015
150807135447    0    7  130  382     5         0.78            0        0.095       15.698       9.0133       30.357       5.0123   1e-08  0.0086   0.015
150807135447    0    8  130  382     5         0.78            0        0.096       15.677       9.0047       30.368       5.0475 7.6e-09  0.0086   0.015
150807135447    0    9  130  382     5         0.78            0        0.097       15.656       8.9963       30.379       5.0819 7.6e-09  0.0087   0.015
150807135447    0   10  130  382     5         0.78            0        0.098       15.636       8.9879        30.39       5.1164 7.7e-09  0.0087   0.015
150807135447    0   11  130  382     5         0.78            0        0.099       15.616       8.9794         30.4       5.1511 7.7e-09  0.0087   0.015
150807135447    0   12  130  382     5         0.78            0          0.1       15.595       8.9709       30.411       5.1859 7.7e-09  0.0087   0.015
150807135447    0   13  130  382     5         0.78            0        0.101       15.574       8.9623       30.422       5.2209 7.8e-09  0.0087   0.015
150807135447    0   14  130  382     5         0.78            0        0.102       15.554       8.9537       30.433        5.256 7.8e-09  0.0087   0.015
150807135447    0   15  130  382     5         0.78            0        0.103       15.533       8.9451       30.444       5.2912 7.8e-09  0.0087   0.015
150807135447    0   16  130  382     5         0.78            0        0.104       15.512       8.9364       30.455       5.3266 7.9e-09  0.0087   0.015
150807135447    0   17  130  382     5         0.78            0        0.105       15.492       8.9276       30.466       5.3621 7.9e-09  0.0087   0.015
150807135447    0   18  130  382     5         0.78            0        0.106       15.471       8.9188       30.477       5.3977 7.9e-09  0.0087   0.015
150807135447    0   19  130  382     5         0.78            0        0.107        15.45         8.91       30.488       5.4334 7.9e-09  0.0087   0.015
150807135447    0   20  130  382     5         0.78            0        0.108       15.429       8.9011       30.499       5.4693   8e-09  0.0087   0.015
150807135447    0   21  130  382     5         0.78            0        0.109       15.408       8.8922       30.511       5.5052   8e-09  0.0087   0.015
150807135447    0   22  130  382     5         0.78            0         0.11       15.387       8.8833       30.522       5.5413   8e-09  0.0087   0.015
150807135447    0   23  130  382     5         0.78            0        0.111       15.366       8.8743       30.533       5.5774   8e-09  0.0087   0.015
150807135447    0   24  130  382     5         0.78            0        0.112       15.344       8.8652       30.544       5.6137 8.1e-09  0.0087   0.015
150807135447    0   25  130  382     5         0.78            0        0.113       15.323       8.8562       30.555       5.6501 8.1e-09  0.0087   0.015
150807135447    0   26  130  382     5         0.78            0        0.114       15.302       8.8471       30.566       5.6865 8.1e-09  0.0087   0.015
150807135447    0   27  130  382     5         0.78            0        0.115       15.281        8.838       30.578       5.7231 8.1e-09  0.0087   0.015
150807135447    0   28  130  382     5         0.78            0        0.116        15.26       8.8288       30.589       5.7597 8.1e-09  0.0087   0.015
150807135447    0   29  130  382     5         0.78            0        0.117       15.238       8.8197         30.6       5.7965 8.1e-09  0.0087   0.015
150807135447    0   30  130  382     5         0.78            0        0.118       15.217       8.8104       30.611       5.8333 8.1e-09  0.0087   0.015
150807135447    0   31  130  382     5         0.78            0        0.119       15.196       8.8012       30.623       5.8702 8.2e-09  0.0087   0.015
150807135447    0   32  130  382     5         0.78            0         0.12       15.174       8.7919       30.634       5.9072 8.2e-09  0.0087   0.015
150807135447    0   33  130  382     5         0.78            0        0.121       15.153       8.7826       30.645       5.9442 8.2e-09  0.0087   0.015
150807135447    0   34  130  382     5         0.78            0        0.122       15.131       8.7733       30.656       5.9813 8.2e-09  0.0087   0.015
150807135447    0   35  130  382     5         0.78            0        0.123        15.11        8.764       30.668       6.0185 8.2e-09  0.0087   0.015
150807135447    0   36  130  382     5         0.78            0        0.124       15.088       8.7546       30.679       6.0558 8.2e-09  0.0087   0.015
150807135447    0   37  130  382     5         0.78            0        0.125       15.067       8.7452        30.69       6.0931 8.2e-09  0.0087   0.015
150807135447    0   38  130  382     5         0.78            0        0.126       15.045       8.7358       30.702       6.1305 8.2e-09  0.0087   0.015
150807135447    0   39  130  382     5         0.78            0        0.127       15.024       8.7264       30.713        6.168 8.2e-09  0.0087   0.015
150807135447    0   40  130  382     5         0.78            0        0.128       15.002       8.7169       30.725       6.2055 8.2e-09  0.0087   0.015
150807135447    0   41  130  382     5         0.78            0        0.129       14.981       8.7074       30.736       6.2431 8.2e-09  0.0087   0.015
150807135447    0   42  130  382     5         0.78            0         0.13       14.959       8.6979       30.748       6.2807 8.2e-09  0.0087   0.015
150807135447    0   43  130  382     5         0.78            0        0.131       14.937       8.6884       30.759       6.3184 8.2e-09  0.0087   0.015
150807135447    0   44  130  382     5         0.78            0        0.132       14.916       8.6788        30.77       6.3562 8.2e-09  0.0087   0.015
150807135447    0   45  130  382     5         0.78            0        0.133       14.894       8.6693       30.782       6.3939 8.2e-09  0.0087   0.015
150807135447    0   46  130  382     5         0.78            0        0.134       14.873       8.6597       30.793       6.4318 8.2e-09  0.0087   0.015
150807135447    0   47  130  382     5         0.78            0        0.135       14.851       8.6501       30.805       6.4697 8.2e-09  0.0087   0.015
150807135447    0   48  130  382     5         0.78            0        0.136       14.829       8.6405       30.816       6.5076 8.2e-09  0.0087   0.015
150807135447    0   49  130  382     5         0.78            0        0.137       14.808       8.6309       30.828       6.5456 8.2e-09  0.0087   0.015
150807135447    0   50  130  382     5         0.78            0        0.138       14.786       8.6212       30.839       6.5836 8.2e-09  0.0088   0.015
150807135447    0   51  130  382     5         0.78            0        0.139       14.764       8.6115       30.851       6.6217 8.2e-09  0.0088   0.015
150807135447    0   52  130  382     5         0.78            0         0.14       14.743       8.6019       30.862       6.6598 8.2e-09  0.0088   0.015
150807135447    0   53  130  382     5         0.78            0        0.141       14.721       8.5922       30.874       6.6979 8.2e-09  0.0088   0.015
150807135447    0   54  130  382     5         0.78            0        0.142       14.699       8.5825       30.886        6.736 8.2e-09  0.0088   0.015
150807135449    0    0  130  382     5         0.79            0        0.088        15.85       9.2273       30.734       4.8802 5.9e-09  0.0094   0.016
150807135449    0    1  130  382     5         0.79            0        0.089       15.824       9.2161       30.746       4.9233 7.9e-09  0.0094   0.016
150807135449    0    2  130  382     5         0.79            0         0.09       15.799       9.2045       30.758       4.9673 7.9e-09  0.0094   0.016
150807135449    0    3  130  382     5         0.79            0        0.091       15.773       9.1929        30.77       5.0113 7.9e-09  0.0094   0.016
150807135449    0    4  130  382     5         0.79            0        0.092       15.748       9.1814       30.782       5.0554 7.9e-09  0.0094   0.016
150807135449    0    5  130  382     5         0.79            0        0.093       15.722       9.1698       30.793       5.0994   8e-09  0.0094   0.016
150807135449    0    6  130  382     5         0.79            0        0.094       15.697       9.1582       30.805       5.1434   8e-09  0.0094   0.016
150807135449    0    7  130  382     5         0.79            0        0.095       15.671       9.1466       30.817       5.1875   8e-09  0.0094   0.016
150807135449    0    8  130  382     5         0.79            0        0.096       15.646        9.135       30.829       5.2315   8e-09  0.0094   0.016
150807135449    0    9  130  382     5         0.79            0        0.097       15.621       9.1235       30.841       5.2756   8e-09  0.0094   0.016
150807135449    0   10  130  382     5         0.79            0        0.098       15.595       9.1119       30.853       5.3196   8e-09  0.0094   0.016
150807135449    0   11  130  382     5         0.79            0        0.099        15.57       9.1003       30.865       5.3636   8e-09  0.0094   0.016
150807135449    0   12  130  382     5         0.79            0          0.1       15.544       9.0887       30.877       5.4077   8e-09  0.0094   0.016
150807135449    0   13  130  382     5         0.79            0        0.101       15.519       9.0771       30.889       5.4517   8e-09  0.0094   0.016
150807135449    0   14  130  382     5         0.79            0        0.102       15.494       9.0655       30.901       5.4957   8e-09  0.0094   0.016
150807135449    0   15  130  382     5         0.79            0        0.103       15.469       9.0539       30.913       5.5397 8.1e-09  0.0094   0.016
150807135449    0   16  130  382     5         0.79            0        0.104       15.443       9.0423       30.925       5.5838 8.1e-09  0.0094   0.016
150807135449    0   17  130  382     5         0.79            0        0.105       15.418       9.0307       30.937       5.6278 8.1e-09  0.0094   0.015
150807135449    0   18  130  382     5         0.79            0        0.106       15.393       9.0191       30.949       5.6717 8.1e-09  0.0094   0.015
150807135449    0   19  130  382     5         0.79            0        0.107       15.368       9.0075       30.961       5.7157 8.1e-09  0.0094   0.015
150807135449    0   20  130  382     5         0.79            0        0.108       15.343       8.9959       30.973       5.7597 8.1e-09  0.0094   0.015
150807135449    0   21  130  382     5         0.79            0        0.109       15.318       8.9844       30.985       5.8037 8.1e-09  0.0094   0.015
150807135449    0   22  130  382     5         0.79            0         0.11       15.293       8.9728       30.997       5.8476 8.1e-09  0.0094   0.015
150807135449    0   23  130  382     5         0.79            0        0.111       15.267       8.9612       31.009       5.8915 8.1e-09  0.0094   0.015
150807135449    0   24  130  382     5         0.79            0        0.112       15.242       8.9496       31.021       5.9354 8.1e-09  0.0094   0.015
150807135449    0   25  130  382     5         0.79            0        0.113       15.217        8.938       31.033       5.9793 8.1e-09  0.0094   0.015
150807135449    0   26  130  382     5         0.79            0        0.114       15.193       8.9265       31.045       6.0232 8.1e-09  0.0094   0.015
150807135449    0   27  130  382     5         0.79            0        0.115       15.168       8.9149       31.057       6.0671 8.1e-09  0.0094   0.015
150807135449    0   28  130  382     5         0.79            0        0.116       15.143       8.9033       31.069       6.1109 8.1e-09  0.0094   0.015
150807135449    0   29  130  382     5         0.79            0        0.117       15.118       8.8918       31.081       6.1548   8e-09  0.0094   0.015
150807135449    0   30  130  382     5         0.79            0        0.118       15.093       8.8802       31.093       6.1986   8e-09  0.0094   0.015
150807135449    0   31  130  382     5         0.79            0        0.119       15.068       8.8687       31.106       6.2424   8e-09  0.0094   0.015
150807135449    0   32  130  382     5         0.79            0         0.12       15.043       8.8571       31.118       6.2861   8e-09  0.0094   0.015
150807135449    0   33  130  382     5         0.79            0        0.121       15.019       8.8456        31.13       6.3299   8e-09  0.0094   0.015
150807135449    0   34  130  382     5         0.79            0        0.122       14.994        8.834       31.142       6.3736   8e-09  0.0094   0.015
150807135449    0   35  130  382     5         0.79            0        0.123       14.969       8.8225       31.154       6.4173   8e-09  0.0094   0.015
150807135449    0   36  130  382     5         0.79            0        0.124       14.945        8.811       31.166        6.461   8e-09  0.0094   0.015
150807135449    0   37  130  382     5         0.79            0        0.125        14.92       8.7994       31.178       6.5047   8e-09  0.0094   0.015
150807135449    0   38  130  382     5         0.79            0        0.126       14.896       8.7879       31.191       6.5483   8e-09  0.0094   0.015
150807135449    0   39  130  382     5         0.79            0        0.127       14.871       8.7764       31.203       6.5919   8e-09  0.0094   0.015
150807135449    0   40  130  382     5         0.79            0        0.128       14.846       8.7649       31.215       6.6355 7.9e-09  0.0094   0.015
150807135449    0   41  130  382     5         0.79            0        0.129       14.822       8.7534       31.227        6.679 7.9e-09  0.0094   0.015
150807135449    0   42  130  382     5         0.79            0         0.13       14.798       8.7419       31.239       6.7226 7.9e-09  0.0094   0.015
150807135449    0   43  130  382     5         0.79            0        0.131       14.773       8.7304       31.251       6.7661 7.9e-09  0.0094   0.015
150807135449    0   44  130  382     5         0.79            0        0.132       14.749       8.7189       31.264       6.8095 7.9e-09  0.0094   0.015
150807135449    0   45  130  382     5         0.79            0        0.133       14.724       8.7075       31.276        6.853 7.9e-09  0.0094   0.015
150807135449    0   46  130  382     5         0.79            0        0.134         14.7        8.696       31.288       6.8964 7.9e-09  0.0094   0.015
150807135449    0   47  130  382     5         0.79            0        0.135       14.676       8.6846         31.3       6.9398 7.9e-09  0.0094   0.015
150807135449    0   48  130  382     5         0.79            0        0.136       14.652       8.6731       31.312       6.9831 7.8e-09  0.0094   0.015
150807135449    0   49  130  382     5         0.79            0        0.137       14.627       8.6617       31.324       7.0265 7.8e-09  0.0094   0.015
150807135449    0   50  130  382     5         0.79            0        0.138       14.603       8.6502       31.337       7.0698 7.8e-09  0.0094   0.015
150807135449    0   51  130  382     5         0.79            0        0.139       14.579       8.6388       31.349        7.113 7.8e-09  0.0094   0.015
150807135449    0   52  130  382     5         0.79            0         0.14       14.555       8.6274       31.361       7.1563 7.8e-09  0.0094   0.015
150807135449    0   53  130  382     5         0.79            0        0.141       14.531        8.616       31.373       7.1994 7.7e-09  0.0094   0.015
150807132629    0    0  130  382     5         0.79            0            0       17.774       9.9707       29.825       1.7416 9.6e-15  0.0091   0.015
150807132629    0    1  130  382     5         0.79            0        0.002       17.775       9.9819       29.841       1.7375 2.1e-09  0.0091   0.016
150807132629    0    2  130  382     5         0.79            0        0.004       17.761       9.9831       29.858        1.756 6.5e-09  0.0091   0.016
150807132629    0    3  130  382     5         0.79            0        0.006       17.743       9.9827       29.874       1.7796 8.2e-09  0.0092   0.016
150807132629    0    4  130  382     5         0.79            0        0.008       17.722       9.9801       29.891         1.81 5.9e-09  0.0092   0.016
150807132631    0    0  130  382     5         0.78            0            0       16.565       9.1822       29.485       3.6441 1.2e-14  0.0076   0.013
150807132631    0    1  130  382     5         0.78            0        0.002       16.592       9.2056         29.5       3.5977 6.6e-09  0.0076   0.014
150807132631    0    2  130  382     5         0.78            0        0.004       16.609       9.2204       29.516       3.5689 2.1e-09  0.0077   0.014
150807132631    0    3  130  382     5         0.78            0        0.006       16.623       9.2344       29.531        3.543 3.8e-09  0.0077   0.014
150807132631    0    4  130  382     5         0.78            0        0.008       16.636       9.2473       29.546       3.5201 4.9e-09  0.0077   0.014
150807132631    0    5  130  382     5         0.78            0         0.01       16.647       9.2594       29.562       3.5002 4.9e-09  0.0078   0.014
150807132633    0    0  130  382     5         0.77            0            0       15.447       8.4631       29.168       5.3789 1.9e-15  0.0065   0.011
150807132633    0    0  130  382     5         0.73            0          0.1       13.447       7.1717       28.658       8.3082   4e-09  0.0052   0.011
150807132633    0    1  130  382     5         0.73            0        0.101       13.461       7.1807       28.664       8.2858 8.2e-09  0.0052   0.011
150807132633    0    2  130  382     5         0.73            0        0.102       13.474       7.1896        28.67       8.2639 8.6e-09  0.0052   0.011
150807132633    0    3  130  382     5         0.73            0        0.103       13.488       7.1984       28.676       8.2422 8.9e-09  0.0052   0.011
150807132633    0    4  130  382     5         0.73            0        0.104       13.501       7.2071       28.682       8.2206 9.3e-09  0.0052   0.011
150807132633    0    5  130  382     5         0.73            0        0.105       13.515       7.2158       28.688       8.1992 9.6e-09  0.0052   0.011
150807132633    0    6  130  382     5         0.73            0        0.106       13.527       7.2243       28.694       8.1784 5.2e-09  0.0052   0.011
150807132635    0    0  130  382     5         0.76            0            0       14.409       7.8045       28.871       6.9694 6.2e-13  0.0057  0.0099
150807132635    0    0  130  382     5         0.75            0          0.1       14.735       8.0821       29.262       6.3512   6e-09  0.0064   0.013
150807132635    0    1  130  382     5         0.75            0        0.101       14.739       8.0866       29.269       6.3445 9.4e-09  0.0064   0.013
150807132635    0    2  130  382     5         0.75            0        0.102       14.742       8.0908       29.277       6.3386 9.8e-09  0.0065   0.013
150807132635    0    3  130  382     5         0.75            0        0.103       14.744       8.0946       29.284       6.3338 6.7e-09  0.0065   0.013
150807132635    0    4  130  382     5         0.75            0        0.104       14.747       8.0985       29.292       6.3287 6.8e-09  0.0065   0.013
150807132637    0    0  130  382     5         0.75            0            0       13.446       7.2016       28.595       8.4263 3.9e-12   0.005   0.009
150807132637    0    0  130  382     5         0.76            0          0.1       15.205       8.4678       29.606       5.6481 6.3e-09  0.0072   0.014
150807132637    0    1  130  382     5         0.76            0        0.101         15.2       8.4682       29.615       5.6546 9.1e-09  0.0072   0.014
150807132637    0    2  130  382     5         0.76            0        0.102       15.195       8.4683       29.623       5.6623 9.4e-09  0.0072   0.014
150807132637    0    3  130  382     5         0.76            0        0.103        15.19       8.4682       29.632       5.6703 9.6e-09  0.0072   0.014
150807132637    0    4  130  382     5         0.76            0        0.104       15.185       8.4681        29.64       5.6787 9.8e-09  0.0072   0.014
150807132639    0    0  130  382     5         0.74            0            0       12.553       6.6507       28.336        9.757 2.1e-10  0.0045  0.0082
150807132639    0    0  130  382     5         0.77            0          0.1       15.494       8.7677       29.988       5.2506 5.9e-09  0.0079   0.015
150807132639    0    1  130  382     5         0.77            0        0.101       15.481       8.7635       29.997        5.272 8.1e-09  0.0079   0.015
150807132639    0    2  130  382     5         0.77            0        0.102       15.467        8.759       30.007       5.2944 8.2e-09  0.0079   0.015
150807132639    0    3  130  382     5         0.77            0        0.103       15.453       8.7544       30.017       5.3171 8.3e-09  0.0079   0.015
150807132641    0    0  130  382     5         0.73            0            0       11.731       6.1489       28.095       10.967 2.4e-15   0.004  0.0076
150807132641    0    0  130  382     5         0.78            0        0.088       15.837       9.0696       30.282       4.7785 7.2e-09  0.0086   0.015
150807132641    0    1  130  382     5         0.73            0        0.001       11.755       6.1637         28.1       10.932 6.6e-10  0.0041  0.0083
150807132641    0    2  130  382     5         0.73            0        0.002       11.773       6.1743       28.105       10.904 9.6e-10  0.0041  0.0083
150807132641    0    3  130  382     5         0.73            0        0.003       11.792       6.1849       28.111       10.876 1.2e-09  0.0041  0.0083
150807132641    0    4  130  382     5         0.73            0        0.004       11.811       6.1955       28.116       10.847 1.5e-09  0.0041  0.0083
150807132641    0    1  130  382     5         0.78            0        0.089       15.818        9.062       30.293       4.8106 9.6e-09  0.0086   0.015
150807132641    0    5  130  382     5         0.73            0        0.005       11.829       6.2061       28.121       10.819 1.8e-09  0.0041  0.0083
150807132641    0    6  130  382     5         0.73            0        0.006       11.848       6.2167       28.126       10.791 2.1e-09  0.0041  0.0084
150807132641    0    2  130  382     5         0.78            0         0.09       15.798        9.054       30.303       4.8437 9.8e-09  0.0086   0.015
150807132641    0    3  130  382     5         0.78            0        0.091       15.778        9.046       30.314       4.8771 9.8e-09  0.0086   0.015
150807132643    0    0  130  382     5         0.79            0        0.088        15.85       9.2273       30.734       4.8802 5.9e-09  0.0094   0.016
150807132643    0    1  130  382     5         0.79            0        0.089       15.824       9.2161       30.746       4.9233 7.9e-09  0.0094   0.016
150807132643    0    2  130  382     5         0.79            0         0.09       15.799       9.2045       30.758       4.9673 7.9e-09  0.0094   0.016
150807132643    0    3  130  382     5         0.79            0        0.091       15.773       9.1929        30.77       5.0113 7.9e-09  0.0094   0.016
