150630141612             0                        0                        130                      382                      5                        0.78377                  0                        0.011975                 18.905                   10.161                   29.759                   0.0039406                1.5e-15                  0.011                    0.0033                   
150630141612             0                        3                        130                      382                      5                        0.7839699999999999       0                        0.011978                 18.905                   10.161                   29.767                   0.0039406                5e-13                    0.011                    0.0033                   
150630141612             0                        5                        130                      382                      5                        0.78417                  0                        0.011981                 18.905                   10.161                   29.775                   0.0039406                4.9e-13                  0.011                    0.0033                   
150630141612             0                        7                        130                      382                      5                        0.78437                  0                        0.011984                 18.905                   10.161                   29.782                   0.0039406                4.8e-13                  0.011                    0.0033                   
150630141612             0                        9                        130                      382                      5                        0.78457                  0                        0.011986                 18.905                   10.161                   29.79                    0.0039406                4.8e-13                  0.011                    0.0033                   
150630141612             0                        11                       130                      382                      5                        0.78477                  0                        0.011989                 18.905                   10.161                   29.797                   0.0039407                4.7e-13                  0.011                    0.0033                   
150630141612             0                        13                       130                      382                      5                        0.7849699999999999       0                        0.011992                 18.905                   10.161                   29.805                   0.0039407                4.6e-13                  0.011                    0.0033                   
150630141612             0                        15                       130                      382                      5                        0.78517                  0                        0.011995                 18.905                   10.161                   29.812                   0.0039409                4.5e-13                  0.011                    0.0033                   
150630141612             0                        17                       130                      382                      5                        0.78537                  0                        0.011998                 18.905                   10.161                   29.82                    0.0039411                4.5e-13                  0.011                    0.0033                   
150630141612             0                        19                       130                      382                      5                        0.78557                  0                        0.012001                 18.905                   10.161                   29.828                   0.0039417                4.4e-13                  0.011                    0.0033                   
150630141612             0                        21                       130                      382                      5                        0.78577                  0                        0.012004                 18.905                   10.161                   29.835                   0.0039428                4.4e-13                  0.011                    0.0033                   
150630141612             0                        23                       130                      382                      5                        0.7859699999999999       0                        0.012007                 18.905                   10.161                   29.843                   0.003945                 4.5e-13                  0.011                    0.0033                   
150630141612             0                        25                       130                      382                      5                        0.78617                  0                        0.01201                  18.905                   10.161                   29.85                    0.0039495                4.8e-13                  0.011                    0.0033                   
150630141612             0                        27                       130                      382                      5                        0.78637                  0                        0.012015                 18.905                   10.161                   29.858                   0.0039584                5.3e-13                  0.011                    0.0033                   
150630141612             0                        58                       130                      382                      5                        0.78657                  0                        0.012017                 18.905                   10.161                   29.866                   0.0039534                3.2e-13                  0.011                    0.0033                   
150630141612             0                        60                       130                      382                      5                        0.78677                  0                        0.012022                 18.905                   10.161                   29.873                   0.003966                 5.6e-13                  0.011                    0.0033                   
150630141612             0                        67                       130                      382                      5                        0.7869699999999999       0                        0.012018                 18.905                   10.161                   29.881                   0.0039304                1.3e-13                  0.011                    0.0033                   
150630141612             0                        69                       130                      382                      5                        0.78717                  0                        0.012018                 18.905                   10.161                   29.888                   0.0039205                2.3e-13                  0.011                    0.0033                   
150630141612             0                        72                       130                      382                      5                        0.78737                  0                        0.012024                 18.905                   10.161                   29.896                   0.0039371                5.8e-13                  0.011                    0.0033                   
150630141612             0                        74                       130                      382                      5                        0.78757                  0                        0.012027                 18.905                   10.161                   29.904                   0.0039335                3.1e-13                  0.011                    0.0033                   
150630141612             0                        76                       130                      382                      5                        0.78777                  0                        0.012028                 18.905                   10.161                   29.911                   0.0039264                2.6e-13                  0.011                    0.0033
150630092309             0                        0                        130                      382                      5                        0.78038                  0                        0.011932                 18.905                   10.161                   29.63                    0.0039578                1.9e-15                  0.011                    0.0033                   
150630092309             0                        3                        130                      382                      5                        0.78057                  0                        0.011934                 18.905                   10.161                   29.638                   0.0039578                6.7e-13                  0.011                    0.0033                   
150630092309             0                        5                        130                      382                      5                        0.78077                  0                        0.011937                 18.905                   10.161                   29.646                   0.0039578                6.6e-13                  0.011                    0.0033                   
150630092309             0                        7                        130                      382                      5                        0.7809700000000001       0                        0.01194                  18.905                   10.161                   29.653                   0.0039578                6.5e-13                  0.011                    0.0033                   
150630092309             0                        9                        130                      382                      5                        0.78117                  0                        0.011943                 18.905                   10.161                   29.661                   0.0039578                6.4e-13                  0.011                    0.0033                   
150630092309             0                        11                       130                      382                      5                        0.78137                  0                        0.011946                 18.905                   10.161                   29.668                   0.0039579                6.3e-13                  0.011                    0.0033                   
150630092309             0                        13                       130                      382                      5                        0.78157                  0                        0.011948                 18.905                   10.161                   29.676                   0.0039579                6.2e-13                  0.011                    0.0033                   
150630092309             0                        15                       130                      382                      5                        0.78177                  0                        0.011951                 18.905                   10.161                   29.684                   0.0039581                6.1e-13                  0.011                    0.0033                   
150630092309             0                        17                       130                      382                      5                        0.7819700000000001       0                        0.011954                 18.905                   10.161                   29.691                   0.0039584                6e-13                    0.011                    0.0033                   
150630092309             0                        19                       130                      382                      5                        0.78217                  0                        0.011957                 18.905                   10.161                   29.699                   0.003959                 6e-13                    0.011                    0.0033                   
150630092309             0                        21                       130                      382                      5                        0.78237                  0                        0.01196                  18.905                   10.161                   29.706                   0.0039602                6e-13                    0.011                    0.0033                   
150630092309             0                        23                       130                      382                      5                        0.78257                  0                        0.011963                 18.905                  
 10.161                   29.714                   0.0039626                6.2e-13                  0.011                    0.0033                   
150630092309             0                        25                       130                      382                      5                        0.78277                  0                        0.011967                 18.905                   10.161                   29.722                   0.0039675                6.6e-13                  0.011                    0.0033                   
150630092309             0                        27                       130                      382                      5                        0.7829700000000001       0                        0.011972                 18.905                   10.161                   29.729                   0.0039771                7.5e-13                  0.011                    0.0033                   
150630092309             0                        32                       130                      382                      5                        0.78317                  0                        0.011967                 18.905                   10.161                   29.737                   0.0039412                2.2e-13                  0.011                    0.0033                   
150630092309             0                        49                       130                      382                      5                        0.78337                  0                        0.011969                 18.905                   10.161                   29.744                   0.0039363                4.3e-13                  0.011                    0.0033                   
150630092309             0                        58                       130                      382                      5                        0.78357                  0                        0.011981                 18.905                   10.161                   29.752                   0.0039837                1.4e-12                  0.011                    0.0033                   
150630092309             0                        85                       130                      382                      5                        0.78377                  0                        0.011975                 18.905                   10.161                   29.759                   0.0039408                3.5e-13                  0.011                    0.0033                   
150629170056             0                        0                        130                      382                      5                        0.77838                  0                        0.0119                   18.905                   10.161                   29.554                   0.0039348                5.7e-11                  0.011                    0.0033                   
150629170056             0                        3                        130                      382                      5                        0.77857                  0                        0.011903                 18.905                   10.161                   29.562                   0.0039413                8.7e-13                  0.011                    0.0033                   
150629170056             0                        5                        130                      382                      5                        0.77877                  0                        0.011907                 18.905                   10.161                   29.57                    0.0039445                8.6e-13                  0.011                    0.0033                   
150629170056             0                        7                        130                      382                      5                        0.7789700000000001       0                        0.011912                 18.905                   10.161                   29.577                   0.0039542                1e-12                    0.011                    0.0033                   
150629170056             0                        70                       130                      382                      5                        0.77917                  0                        0.011911                 18.905                   10.161                   29.585                   0.0039379                2.7e-13                  0.011                    0.0033                   
150629170056             0                        72                       130                      382                      5                        0.77937                  0                        0.011914                 18.905                   10.161                   29.592                   0.003941                 8.2e-13                  0.011                    0.0033                   
150629170056             0                        74                       130                      382                      5                        0.77957                  0                        0.011918                 18.905                   10.161                   29.6                     0.0039471                8.9e-13                  0.011                    0.0033                   
150629170056             0                        76                       130                      382                      5                        0.77977                  0                        0.011924                 18.905                   10.161                   29.608                   0.0039593                1e-12                    0.011                    0.0033                   
150629170056             0                        89                       130                      382                      5                        0.7799700000000001       0                        0.011923                 18.905                   10.161                   29.615                   0.0039406                1.9e-13                  0.011                    0.0033                   
150629170056             0                        91                       130                      382                      5                        0.78017                  0                        0.011927                 18.905                   10.161                   29.623                   0.0039463                8.4e-13                  0.011                    0.0033                   
150629170056             0                        93                       130                      382                      5                        0.78037                  0                        0.011932                 18.905                   10.161                   29.63                    0.0039578                9.800000000000001e-13    0.011                    0.0033              
150630141614             0                        0                        130                      382                      5                        0.79892                  0                        0.022086                 17.998                   10.368                   30.377                   1.39                     2.3e-09                  0.011                    0.019                    
150630141614             0                        3                        130                      382                      5                        0.79897                  0                        0.022171                 17.998                   10.369                   30.381                   1.3909                   9.699999999999999e-09    0.011                    0.019                    
150630141614             0                        5                        130                      382                      5                        0.79902                  0                        0.022255                 17.996                   10.369                   30.384                   1.3954                   6.6e-09                  0.011                    0.019                    
150630141614             0                        7                        130                      382                      5                        0.7990699999999999       0                        0.022343                 17.994                   10.37                    30.387                   1.3982                   9.6e-09                  0.011                    0.019                    
150630141614             0                        10                       130                      382                      5                        0.79917                  0                        0.022331                 17.997                   10.373                   30.391                   1.3948                   6.7e-09                  0.011                    0.019                    
150630141614             0                        12                       130                      382                      5                        0.79926                  0                        0.022381                 17.997                   10.375                   30.396                   1.3947                   7.499999999999999e-09    0.011                    0.019                    
150630141614             0                        14                       130                      382                      5                        0.79932                  0                        0.022456                 17.996                   10.376                   30.399                   1.3975                   6.9e-09                  0.011                    0.019                    
150630141614             0                        17                       130                      382                      5                        0.7994                   0                        0.022393                 18.001                   10.38                    30.402                   1.3903                   8.200000000000001e-09    0.011                    0.019                    
150630141614             0                        19                       130                      382                      5                        0.79949                  0                        0.022433                 18.001                   10.383                   30.407                   1.3902                   7.499999999999999e-09    0.011                    0.019                    
150630141614             0                        21                       130                      382                      5                        0.79958                  0                        0.022477                 18.002                   10.385                   30.411                   1.3902                   7.4e-09                  0.011                    0.019                    
150630141614             0                        23                       130                      382                      5                        0.79967                  0                        0.022524                 18.002                   10.387                   30.416                   1.3905                   7.3e-09                  0.011                    0.019                    
150630141614             0                        25                       130                      382                      5                        0.79976                  0                        0.022572                 18.002                   10.389                   30.42                    1.3911                   7.3e-09                  0.011                    0.019                    
150630141614             0                        27                       130                      382                      5                        0.79984                  0                        0.022625                 18.002                   10.391                   30.424                   1.3922                   7.2e-09                  0.011                    0.019                    
150630141614             0                        29                       130                      382                      5                        0.79992                  0                        0.022685                 18.001                   10.393                   30.429                   1.3939                   7e-09                    0.011                    0.019                    
150630141614             0                        31                       130                      382                      5                        0.79999                  0                        0.022755                 18                       10.394                   30.433                   1.3967                   6.7e-09                  0.011                    0.019                    
150630141614             0                        34                       130                      382                      5                        0.8000699999999999       0                        0.022821                 17.999                   10.395                   30.437                   1.3991                   6.8e-09                  0.011                    0.019                    
150630141614             0                        37                       130                      382                      5                        0.80017                  0                        0.022833                 18                       10.398                   30.441                   1.3973                   6.8e-09                  0.011                    0.019                    
150630141614             0                        40                       130                      382                      5                        0.80026                  0                        0.022803                 18.004                   10.402                   30.445                   1.3923                   8.5e-09                  0.011                    0.019                    
150630141614             0                        42                       130                      382                      5                        0.80036                  0                        0.022843                 18.004                   10.404                   30.45                    1.3934                   7e-09                    0.011                    0.019                    
150630141614             0                        44                       130                      382                      5                        0.80044                  0                        0.022902                 18.003                   10.405                   30.454                   1.3955                   6.7e-09                  0.011                    0.019                    
150630141614             0                        46                       130                      382                      5                        0.8005100000000001       0                        0.022975                 18.002                   10.406                   30.458                   1.3977                   9.899999999999999e-09    0.011                    0.019                    
150630141614             0                        49                       130                      382                      5                        0.80061                  0                        0.022979                 18.003                   10.409                   30.463                   1.3971                   6.5e-09                  0.011                    0.019                    
150630141614             0                        51                       130                      382                      5                        0.80069                  0                        0.023032                 18.002                   10.411                   30.467                   1.3989                   6.6e-09                  0.011                    0.019                    
150630141614             0                        54                       130                      382                      5                        0.80077                  0                        0.022976                 18.007                   10.415                   30.47                    1.3923                   9.300000000000001e-09    0.011                    0.019                    
150630141614             0                        56                       130                      382                      5                        0.80087                  0                        0.023006                 18.007                   10.417                   30.475                   1.3935                   6.6e-09                  0.011                    0.019                    
150630141614             0                        58                       130                      382                      5                        0.8009500000000001       0                        0.023056                 18.006                   10.418                   30.479                   1.3954                   6.4e-09                  0.011                    0.019                    
150630141614             0                        60                       130                      382                      5                        0.80103                  0                        0.023125                 18.005                   10.42                    30.484                   1.3976                   9.6e-09                  0.011                    0.019                    
150630141614             0                        63                       130                      382                      5                        0.80113                  0                        0.023126                 18.007                   10.423                   30.488                   1.396                    9.699999999999999e-09    0.011                    0.019                    
150630141614             0                        65                       130                      382                      5                        0.80121                  0                        0.023176                 18.005                   10.424                   30.493                   1.3992                   6.3e-09                  0.011                    0.019                    
150630141614             0                        71                       130                      382                      5                        0.80131                  0                        0.023164                 18.008                   10.427                   30.497                   1.3959                   8.9e-09                  0.011                    0.019                    
150630141614             0                        73                       130                      382                      5                        0.8014                   0                        0.023214                 18.007                   10.429                   30.502                   1.3976                   9.899999999999999e-09    0.011                    0.019                    
150630141614             0                        76                       130                      382                      5                        0.8015                   0                        0.023196                 18.009                   10.432                   30.506                   1.3955                   8.5e-09                  0.011                    0.019                    
150630141614             0                        78                       130                      382                      5                        0.80159                  0                        0.023234                 18.009                   10.434                   30.511                   1.3965                   9.8e-09                  0.011                    0.019                    
150630141614             0                        81                       130                      382                      5                        0.80169                  0                        0.023207                 18.011                   10.437                   30.515                   1.3942                   7.8e-09                  0.011                    0.019                    
150630141614             0                        83                       130                      382                      5                        0.80179                  0                        0.023232                 18.012                   10.44                    30.52                    1.3942                   9.500000000000001e-09    0.011                    0.019                    
150630141614             0                        85                       130                      382                      5                        0.80187                  0                        0.023289                 18.01                    10.441                   30.524                   1.3973                   9.300000000000001e-09    0.011                    0.019                    
150630141614             0                        92                       130                      382                      5                        0.80197                  0                        0.023298                 18.011                   10.443                   30.529                   1.397                    9.1e-09                  0.011                    0.019                    
150630141614             0                        95                       130                      382                      5                        0.8020699999999999       0                        0.023279                 18.013                   10.446                   30.533                   1.3952                   7.9e-09                  0.011                    0.019                    
150630141614             0                        97                       130                      382                      5                        0.80216                  0                        0.023314                 18.013                   10.448                   30.538                   1.3963                   9.1e-09                  0.011                    0.019   
150630092307             0                        3                        130                      382                      5                        0.79622                  0                        0.0195                   17.991                   10.296                   30.235                   1.3852                   8.9e-09                  0.01                     0.018                    
150630092307             0                        5                        130                      382                      5                        0.79623                  0                        0.019599                 17.987                   10.295                   30.236                   1.3905                   7.2e-09                  0.01                     0.018                    
150630092307             0                        7                        130                      382                      5                        0.7962399999999999       0                        0.019698                 17.984                   10.294                   30.238                   1.3952                   7.3e-09                  0.01                     0.018                    
150630092307             0                        10                       130                      382                      5                        0.79634                  0                        0.019709                 17.989                   10.299                   30.242                   1.3883                   7.1e-09                  0.01                     0.019                    
150630092307             0                        12                       130                      382                      5                        0.7964                   0                        0.019789                 17.989                   10.3                     30.245                   1.3885                   7.1e-09                  0.01                     0.019                    
150630092307             0                        14                       130                      382                      5                        0.79644                  0                        0.019878                 17.989                   10.302                   30.248                   1.3894                   9.699999999999999e-09    0.01                     0.019                    
150630092307             0                        16                       130                      382                      5                        0.79647                  0                        0.019973                 17.987                   10.301                   30.25                    1.3929                   8.799999999999999e-09    0.01                     0.019                    
150630092307             0                        19                       130                      382                      5                        0.79652                  0                        0.020064                 17.986                   10.302                   30.253                   1.3948                   9.6e-09                  0.01                     0.019                    
150630092307             0                        22                       130                      382                      5                        0.79661                  0                        0.020091                 17.989                   10.306                   30.257                   1.3901                   7.699999999999999e-09    0.01                     0.019                    
150630092307             0                        24                       130                      382                      5                        0.79667                  0                        0.020171                 17.989                   10.307                   30.261                   1.3908                   7.1e-09                  0.01                     0.019                    
150630092307             0                        26                       130                      382                      5                        0.79671                  0                        0.020263                 17.987                   10.308                   30.263                   1.3929                   9.300000000000001e-09    0.01                     0.019                    
150630092307             0                        29                       130                      382                      5                        0.79681                  0                        0.020265                 17.991                   10.312                   30.267                   1.3868                   7.2e-09                  0.01                     0.019                    
150630092307             0                        31                       130                      382                      5                        0.79688                  0                        0.02034                  17.992                   10.314                   30.271                   1.3868                   7.4e-09                  0.01                     0.019                    
150630092307             0                        33                       130                      382                      5                        0.79694                  0                        0.020421                 17.991                   10.316                   30.274                   1.3877                   7.2e-09                  0.01                     0.019                    
150630092307             0                        35                       130                      382                      5                        0.79699                  0                        0.020506                 17.991                   10.317                   30.277                   1.3894                   6.9e-09                  0.01                     0.019                    
150630092307             0                        37                       130                      382                      5                        0.79703                  0                        0.020597                 17.99                    10.317                   30.28                    1.3913                   9.500000000000001e-09    0.01                     0.019                    
150630092307             0                        40                       130                      382                      5                        0.7971200000000001       0                        0.020561                 17.995                   10.322                   30.284                   1.3837                   8.200000000000001e-09    0.011                    0.019                    
150630092307             0                        42                       130                      382                      5                        0.79718                  0                        0.020645                 17.994                   10.323                   30.287                   1.3857                   7e-09                    0.011                    0.019                    
150630092307             0                        44                       130                      382                      5                        0.7972399999999999       0                        0.020722                 17.993                   10.324                   30.29                    1.3863                   7.3e-09                  0.011                    0.019                    
150630092307             0                        46                       130                      382                      5                        0.79731                  0                        0.020799                 17.993                   10.326                   30.294                   1.3871                   7.3e-09                  0.011                    0.019                    
150630092307             0                        48                       130                      382                      5                        0.79736                  0                        0.02088                  17.992                   10.327                   30.297                   1.3886                   7.2e-09                  0.011                    0.019                    
150630092307             0                        50                       130                      382                      5                        0.79741                  0                        0.020966                 17.991                   10.328                   30.3                     1.3909                   6.8e-09                  0.011                    0.019                    
150630092307             0                        52                       130                      382                      5                        0.79745                  0                        0.02106                  17.99                    10.328                   30.303                   1.3938                   9.1e-09                  0.011                    0.019                    
150630092307             0                        55                       130                      382                      5                        0.79752                  0                        0.021133                 17.989                   10.33                    30.307                   1.3948                   7.6e-09                  0.011                    0.019                    
150630092307             0                        58                       130                      382                      5                        0.79762                  0                        0.021148                 17.992                   10.334                   30.311                   1.3902                   7.6e-09                  0.011                    0.019                    
150630092307             0                        60                       130                      382                      5                        0.79769                  0                        0.021221                 17.992                   10.335                   30.315                   1.391                    7.499999999999999e-09    0.011                    0.019                    
150630092307             0                        62                       130                      382                      5                        0.7977300000000001       0                        0.021308                 17.991                   10.336                   30.318                   1.394                    6.7e-09                  0.011                    0.019                    
150630092307             0                        65                       130                      382                      5                        0.79783                  0                        0.021266                 17.996                   10.34                    30.321                   1.3862                   7.699999999999999e-09    0.011                    0.019                    
150630092307             0                        67                       130                      382                      5                        0.7979000000000001       0                        0.021334                 17.996                   10.342                   30.325                   1.3866                   7.6e-09                  0.011                    0.019                    
150630092307             0                        69                       130                      382                      5                        0.79797                  0                        0.021405                 17.996                   10.344                   30.329                   1.3874                   7.499999999999999e-09    0.011                    0.019                    
150630092307             0                        71                       130                      382                      5                        0.79803                  0                        0.021481                 17.995                   10.345                   30.332                   1.389                    7.3e-09                  0.011                    0.019                    
150630092307             0                        73                       130                      382                      5                        0.79809                  0                        0.021564                 17.994                   10.346                   30.336                   1.3915                   6.9e-09                  0.011                    0.019                    
150630092307             0                        75                       130                      382                      5                        0.79813                  0                        0.021656                 17.992                   10.346                   30.338                   1.3946                   9.2e-09                  0.011                    0.019                    
150630092307             0                        78                       130                      382                      5                        0.79823                  0                        0.021647                 17.995                   10.35                    30.343                   1.3901                   7e-09                    0.011                    0.019                    
150630092307             0                        80                       130                      382                      5                        0.79831                  0                        0.021706                 17.996                   10.352                   30.347                   1.3897                   7.699999999999999e-09    0.011                    0.019                    
150630092307             0                        82                       130                      382                      5                        0.79837                  0                        0.021785                 17.995                   10.353                   30.35                    1.3921                   7.1e-09                  0.011                    0.019                    
150630092307             0                        84                       130                      382                      5                        0.79841                  0                        0.021875                 17.993                   10.353                   30.353                   1.3951                   9.500000000000001e-09    0.011                    0.019                    
150630092307             0                        87                       130                      382                      5                        0.7985100000000001       0                        0.02188                  17.995                   10.357                   30.358                   1.3916                   7.4e-09                  0.011                    0.019                    
150630092307             0                        89                       130                      382                      5                        0.79859                  0                        0.021944                 17.995                   10.359                   30.362                   1.3924                   7.6e-09                  0.011                    0.019                    
150630092307             0                        92                       130                      382                      5                        0.7986799999999999       0                        0.0219                   18                       10.363                   30.365                   1.3857                   7.6e-09                  0.011                    0.019                    
150630092307             0                        94                       130                      382                      5                        0.79876                  0                        0.02196                  18                       10.365                   30.369                   1.3862                   7.6e-09                  0.011                    0.019                    
150630092307             0                        96                       130                      382                      5                        0.79884                  0                        0.022021                 18                       10.367                   30.373                   1.387                    7.499999999999999e-09    0.011                    0.019                    
150630092307             0                        98                       130                      382                      5                        0.79892                  0                        0.022086                 17.999                   10.368                   30.377                   1.3882                   7.4e-09                  0.011                    0.019      
